EXPORTER_V15
MESH_EXPORT
MATERIALGROUP = 2
MATERIAL 0
DIFFUSE 0.588 0.588 0.588 1
AMBIENT 0.588 0.588 0.588 1
SPECULAR 0.9 0.9 0.9 1
EMISSIVE 0.588 0.588 0.588 0
POWER 0.0
TEXTURE_DIR_PATH 
TEXTURE  
SPECULAR_TEXTURE  
BUMP_TEXTURE  
MATERIAL 1
DIFFUSE 0.588 0.588 0.588 1
AMBIENT 0.588 0.588 0.588 1
SPECULAR 0.9 0.9 0.9 1
EMISSIVE 0.588 0.588 0.588 0
POWER 0.0
TEXTURE_DIR_PATH 
TEXTURE C:\Users\Lee\Desktop\ABresource\model\woman\Valle\weapon\Texture2D\SwimWeapon_T.tga
SPECULAR_TEXTURE  
BUMP_TEXTURE C:\Users\Lee\Desktop\ABresource\model\woman\Valle\weapon\\Texture2D\\SwimWeapon_N.tga:Normal Bump
GEOMOBJECT_COUNT = 1
MESH_NAME = Weapon1_Valle_Hammer_003
MATERIAL_COUNT = 1
MATERIAL_ID = -1
VERTEX = 182
86.9594 130.322 -181.783
92.7959 142.273 -177.482
88.2617 143.708 -177.972
83.5311 143.502 -178.633
79.1747 141.682 -179.385
75.7179 138.466 -180.138
73.5778 134.242 -180.799
86.9594 130.322 -181.783
73.5778 134.242 -180.799
73.0124 129.52 -181.291
74.0899 124.87 -181.553
76.6804 120.851 -181.553
80.4714 117.95 -181.292
85.0056 116.515 -180.802
89.7362 116.721 -180.141
94.0926 118.541 -179.389
97.5493 121.757 -178.637
99.6895 125.981 -177.975
99.6895 125.981 -177.975
100.255 130.703 -177.484
99.1774 135.353 -177.222
96.5869 139.372 -177.221
88.7554 155.058 -169.828
97.277 152.362 -168.907
79.8648 154.672 -171.071
71.6774 151.251 -172.484
65.1809 145.207 -173.898
61.1588 137.269 -175.142
60.0962 128.394 -176.065
61.1588 137.269 -175.142
62.1212 119.654 -176.557
66.9897 112.102 -176.558
74.1144 106.649 -176.068
82.636 103.953 -175.147
91.5267 104.339 -173.904
99.714 107.76 -172.491
106.211 113.805 -171.077
110.233 121.743 -169.833
111.295 130.617 -168.91
110.233 121.743 -169.833
109.27 139.357 -168.418
104.402 146.909 -168.417
88.381 163.005 -158.334
99.8621 159.372 -157.092
76.4027 162.485 -160.008
65.3719 157.875 -161.912
56.6192 149.732 -163.817
51.2002 139.037 -165.493
49.7685 127.081 -166.737
51.2002 139.037 -165.493
52.4969 115.305 -167.4
59.0562 105.13 -167.401
68.6553 97.7832 -166.741
80.1364 94.1508 -165.499
92.1147 94.6707 -163.825
103.145 99.2804 -161.921
111.898 107.424 -160.016
117.317 118.119 -158.341
118.749 130.075 -157.097
117.317 118.119 -158.341
116.021 141.851 -156.434
109.461 152.026 -156.432
87.1837 166.588 -144.876
100.24 162.458 -143.464
73.5624 165.997 -146.779
61.0187 160.755 -148.945
51.0655 151.495 -151.111
44.9032 139.333 -153.016
43.2752 125.737 -154.431
44.9032 139.333 -153.016
46.3778 112.346 -155.185
53.8367 100.776 -155.186
64.7524 92.4212 -154.436
77.8083 88.2905 -153.024
91.4295 88.8818 -151.12
103.973 94.1237 -148.955
113.926 103.384 -146.789
120.089 115.546 -144.884
121.717 129.142 -143.469
120.089 115.546 -144.884
118.614 142.533 -142.715
111.155 154.103 -142.713
85.3078 165.377 -131.077
98.3636 161.246 -129.664
71.6866 164.786 -132.98
59.1428 159.544 -135.146
49.1896 150.284 -137.312
43.0273 138.122 -139.217
41.3993 124.526 -140.632
43.0273 138.122 -139.217
44.5019 111.135 -141.386
51.9609 99.5642 -141.387
62.8766 91.2098 -140.637
75.9324 87.0791 -139.225
89.5536 87.6704 -137.321
102.097 92.9123 -135.156
112.051 102.173 -132.99
118.213 114.334 -131.084
119.841 127.931 -129.669
118.213 114.334 -131.084
116.738 141.322 -128.916
109.279 152.892 -128.914
82.9797 159.517 -118.601
94.4608 155.884 -117.359
71.0013 158.997 -120.275
59.9706 154.387 -122.179
51.2178 146.244 -124.084
45.7988 135.549 -125.759
44.3672 123.593 -127.004
45.7988 135.549 -125.759
47.0955 111.817 -127.667
53.6548 101.642 -127.668
63.2539 94.2952 -127.008
74.7351 90.6628 -125.766
86.7134 91.1827 -124.092
97.7441 95.7924 -122.188
106.497 103.936 -120.283
111.916 114.631 -118.608
113.348 126.587 -117.364
111.916 114.631 -118.608
110.619 138.363 -116.701
104.06 148.538 -116.699
80.48 149.714 -108.954
89.0016 147.018 -108.032
71.5894 149.329 -110.196
63.4021 145.907 -111.61
56.9056 139.863 -113.023
52.8834 131.925 -114.267
51.8208 123.051 -115.19
52.8834 131.925 -114.267
53.8459 114.31 -115.682
58.7144 106.758 -115.684
65.8391 101.305 -115.194
74.3607 98.6091 -114.272
83.2513 98.9951 -113.03
91.4387 102.416 -111.616
97.9352 108.461 -110.202
101.957 116.399 -108.959
103.02 125.273 -108.035
101.957 116.399 -108.959
100.995 134.013 -107.543
96.1264 141.565 -107.542
78.1104 137.152 -103.298
82.6447 135.718 -102.808
73.3798 136.947 -103.96
69.0235 135.127 -104.712
65.5667 131.91 -105.464
63.4266 127.687 -106.126
62.8612 122.965 -106.617
63.4266 127.687 -106.126
63.9387 118.314 -106.879
66.5292 114.296 -106.879
70.3202 111.394 -106.619
74.8544 109.96 -106.128
79.585 110.165 -105.467
83.9414 111.986 -104.715
87.3981 115.202 -103.963
89.5383 119.425 -103.301
90.1037 124.147 -102.81
89.5383 119.425 -103.301
89.0262 128.798 -102.548
86.4357 132.816 -102.547
76.1567 123.346 -102.317
76.1567 123.346 -102.317
57.6215 109.561 58.5593
81.1593 124.599 -111.63
79.7097 121.738 -112.078
56.1922 106.742 58.1175
79.1413 127.458 -111.654
55.8385 112.218 58.5502
76.242 121.736 -112.55
53.0254 106.669 57.6806
52.3935 112.111 58.0725
51.0637 109.487 57.6613
74.224 124.595 -112.573
75.6736 127.456 -112.125
53.0254 106.669 57.6806
76.242 121.736 -112.55
53.0254 106.669 57.6806
55.8385 112.218 58.5502
57.6215 109.561 58.5593
56.1922 106.742 58.1175
INDEX = 304
178 172 173
172 178 179
178 180 179
180 178 181
176 174 177
174 176 173
172 174 173
174 172 175
172 168 175
168 172 169
164 168 169
168 164 165
164 166 165
166 164 167
171 166 167
166 171 170
123 142 143
101 103 121
123 121 103
103 122 123
142 123 122
122 144 142
162 142 144
162 143 142
162 161 143
141 143 161
143 141 123
121 123 141
162 144 145
124 145 144
144 122 124
102 124 122
122 103 102
83 102 103
103 101 83
81 83 101
83 81 63
61 63 81
124 102 104
82 104 102
102 83 82
63 82 83
82 63 62
43 62 63
62 43 42
23 42 43
62 84 82
104 82 84
125 104 105
84 105 104
105 84 85
64 85 84
84 62 64
42 64 62
85 64 65
65 86 85
106 85 86
85 106 105
126 105 106
105 126 125
146 125 126
125 146 145
145 124 125
104 125 124
86 65 66
66 87 86
107 86 87
86 107 106
127 106 107
106 127 126
147 126 127
126 147 146
162 146 147
162 145 146
138 119 118
119 138 139
158 139 138
139 158 159
162 159 158
162 158 160
162 160 161
140 161 160
161 140 141
120 141 140
120 98 100
98 120 118
140 118 120
118 140 138
160 138 140
138 160 158
141 120 121
100 121 120
121 100 101
80 101 100
101 80 81
60 81 80
81 60 61
40 61 60
61 40 41
20 41 40
0 19 18
0 20 19
40 19 20
19 40 38
60 38 40
38 60 58
80 58 60
58 80 78
100 78 80
78 100 98
38 18 19
18 38 39
58 39 38
39 58 59
78 59 58
59 78 79
98 79 78
79 98 99
118 99 98
99 118 119
66 45 46
25 46 45
46 25 26
4 26 25
25 3 4
45 24 25
3 25 24
24 2 3
0 3 2
0 4 3
0 5 4
26 4 5
5 27 26
47 26 27
26 47 46
67 46 47
46 67 66
87 66 67
27 5 6
0 6 5
41 20 21
0 21 20
0 1 21
0 2 1
22 1 2
2 24 22
44 22 24
24 45 44
65 44 45
45 66 65
63 61 43
41 43 61
43 41 23
21 23 41
23 21 1
1 22 23
42 23 22
22 44 42
64 42 44
44 65 64
73 94 93
114 93 94
135 114 115
94 115 114
115 94 95
74 95 94
94 73 74
53 74 73
135 156 155
155 134 135
114 135 134
134 113 114
93 114 113
113 92 93
72 93 92
93 72 73
52 73 72
73 52 53
32 53 52
71 92 91
92 71 72
51 72 71
72 51 52
31 52 51
52 31 32
11 32 31
32 11 12
12 33 32
53 32 33
30 51 50
51 30 31
10 31 30
31 10 11
7 11 10
7 12 11
7 13 12
33 12 13
13 34 33
54 33 34
34 13 14
7 14 13
57 36 37
16 37 36
37 16 17
7 17 16
7 16 15
7 15 14
35 14 15
14 35 34
55 34 35
35 56 55
76 55 56
56 77 76
97 76 77
77 56 57
36 57 56
56 35 36
15 36 35
36 15 16
34 55 54
75 54 55
55 76 75
96 75 76
76 97 96
117 96 97
96 117 116
137 116 117
116 137 136
157 136 137
33 54 53
74 53 54
54 75 74
95 74 75
75 96 95
116 95 96
95 116 115
136 115 116
115 136 135
156 135 136
136 157 156
163 156 157
163 155 156
163 154 155
134 155 154
154 133 134
113 134 133
133 112 113
92 113 112
112 91 92
112 133 132
153 132 133
132 153 152
133 154 153
163 153 154
163 152 153
163 151 152
131 152 151
152 131 132
111 132 131
132 111 112
91 112 111
130 151 150
151 130 131
110 131 130
131 110 111
90 111 110
111 90 91
70 91 90
91 70 71
50 71 70
71 50 51
9 30 28
50 28 30
28 50 48
70 48 50
48 70 68
90 68 70
68 90 88
110 88 90
88 110 108
130 108 110
108 130 128
150 128 130
128 150 148
69 88 89
108 89 88
89 108 109
128 109 108
109 128 129
148 129 128
129 148 149
163 149 148
163 148 150
163 150 151
30 9 10
7 10 9
7 9 8
28 8 9
8 28 29
48 29 28
29 48 49
68 49 48
49 68 69
88 69 68
FACE-NORMAL = 304
-0.134193 -0.0866602 0.987159
-0.134194 -0.0866603 0.987158
-0.134196 -0.0866593 0.987158
-0.134197 -0.0866579 0.987158
-0.805791 -0.570076 -0.160356
-0.809613 -0.564662 -0.160262
-0.884136 0.460429 -0.0794222
-0.884136 0.460429 -0.0794222
-0.0125335 0.996034 0.0880885
-0.0424603 0.995617 0.0833345
0.819245 0.550252 0.161434
0.805595 0.569951 0.161779
0.883846 -0.460616 0.0815378
0.883708 -0.460888 0.0815005
0.0345305 -0.995952 -0.0829836
0.012317 -0.996176 -0.0864952
0.0295415 0.405693 0.913532
0.514217 0.714488 0.474434
0.372682 0.553826 0.74457
0.135995 0.677099 0.723217
0.029541 0.405694 0.913532
-0.143271 0.428622 0.892052
-0.141678 0.0901157 0.985802
-0.0814572 0.082126 0.993288
-0.027343 0.0539418 0.99817
0.184828 0.324817 0.927541
0.184828 0.324816 0.927542
0.372682 0.553825 0.744571
-0.200746 0.0769471 0.976617
-0.312768 0.390834 0.865693
-0.143271 0.428622 0.892052
-0.127404 0.712046 0.690478
0.135995 0.677099 0.723216
0.225182 0.865025 0.448359
0.514218 0.714487 0.474435
0.594355 0.790061 0.150153
0.594355 0.790061 0.150153
0.604778 0.772968 -0.191739
-0.127404 0.712046 0.690477
-0.0964732 0.907701 0.408378
0.225181 0.865025 0.448358
0.287311 0.949978 0.122452
0.287312 0.949977 0.122454
0.315743 0.923506 -0.217816
0.315743 0.923506 -0.217816
0.30696 0.787503 -0.534429
-0.0543826 0.995312 0.0799832
-0.0964727 0.9077 0.408379
-0.385748 0.654451 0.650302
-0.411956 0.837367 0.359317
-0.411956 0.837367 0.359317
-0.38952 0.920597 0.0278642
-0.0543837 0.995312 0.0799818
-0.00591411 0.966181 -0.257796
-0.38952 0.920597 0.0278644
-0.677673 0.734845 -0.0276138
-0.683211 0.662509 0.307092
-0.68321 0.662509 0.307093
-0.607875 0.511261 0.607536
-0.607875 0.511261 0.607536
-0.458502 0.29689 0.837635
-0.458502 0.29689 0.837635
-0.312768 0.390834 0.865693
-0.385749 0.654451 0.650302
-0.677673 0.734845 -0.027614
-0.88409 0.460459 -0.0797619
-0.877522 0.404214 0.258003
-0.877522 0.404214 0.258003
-0.766994 0.299748 0.567338
-0.766994 0.299748 0.567338
-0.562897 0.158119 0.811261
-0.562897 0.158119 0.811261
-0.287911 -0.00414982 0.957648
-0.251531 0.0442098 0.966839
0.672946 -0.155828 0.723091
0.672947 -0.155827 0.72309
0.381828 -0.140777 0.913449
0.381828 -0.140776 0.913449
0.0413076 -0.108308 0.993259
0.0379789 -0.047386 0.998154
0.0141373 0.00896188 0.99986
0.303859 0.195744 0.932392
0.303859 0.195744 0.932392
0.554107 0.357095 0.751963
0.863113 0.173276 0.474354
0.863113 0.173276 0.474353
0.658388 0.110636 0.744503
0.658387 0.110635 0.744504
0.372276 0.0340449 0.927498
0.372276 0.0340449 0.927498
0.554107 0.357094 0.751963
0.735769 0.474244 0.483463
0.735769 0.474245 0.483463
0.829707 0.534853 0.159744
0.829707 0.534853 0.159744
0.826329 0.532727 -0.182711
0.826329 0.532726 -0.182711
0.725072 0.467499 -0.505682
0.725073 0.467499 -0.505682
0.535393 0.34526 -0.770811
0.305497 0.0622986 -0.950153
0.302169 0.123218 -0.945257
0.60381 0.183561 -0.775705
0.603811 0.183561 -0.775705
0.829354 0.221038 -0.513142
0.829352 0.22104 -0.513143
0.953674 0.231757 -0.191821
0.953674 0.231757 -0.191821
0.964986 0.215133 0.150066
0.964986 0.215133 0.150066
0.613362 0.00874235 -0.789753
0.613363 0.00874184 -0.789753
0.843911 -0.0454221 -0.534556
0.843912 -0.045425 -0.534555
0.971453 -0.0936415 -0.217969
0.971453 -0.0936402 -0.21797
0.983873 -0.130535 0.122289
0.983873 -0.130536 0.122289
0.880893 -0.152121 0.448205
0.880892 -0.152122 0.448206
-0.592651 0.720989 -0.359082
-0.43691 0.621665 -0.650109
-0.436911 0.621664 -0.65011
-0.226968 0.446407 -0.865567
-0.0812297 0.540354 -0.837508
-0.214781 0.764856 -0.607343
-0.0812307 0.540353 -0.837508
0.0882616 0.578139 -0.81115
0.122508 0.260721 -0.95761
0.0634472 0.247554 -0.966794
0.0126568 0.214814 -0.976573
-0.226969 0.446406 -0.865567
-0.331363 0.307637 -0.891941
-0.596028 0.410152 -0.690309
-0.596028 0.410153 -0.690308
-0.786962 0.462696 -0.40817
-0.786962 0.462695 -0.408171
-0.884091 0.460458 -0.0797625
-0.331363 0.307637 -0.891941
-0.0237225 0.166455 -0.985764
0.535392 0.345261 -0.770811
0.278326 0.179568 -0.943552
0.236848 0.224546 -0.945242
0.182731 0.252731 -0.950124
0.261076 0.555211 -0.789671
0.088261 0.578139 -0.81115
0.0435593 0.822449 -0.567169
-0.214783 0.764854 -0.607344
-0.321396 0.895848 -0.306856
-0.592651 0.72099 -0.359081
0.604777 0.772968 -0.19174
0.543647 0.66423 -0.513075
0.543647 0.66423 -0.513075
0.416362 0.474333 -0.775662
0.416364 0.474333 -0.775661
0.261076 0.555211 -0.789671
0.30696 0.787503 -0.534429
0.0435614 0.82245 -0.567167
-0.00591372 0.966181 -0.257795
-0.321396 0.895848 -0.306857
0.0543826 -0.995312 -0.0799816
0.0059131 -0.966181 0.257795
0.214782 -0.764855 0.607343
0.321395 -0.895848 0.306857
0.321395 -0.895848 0.306856
0.389519 -0.920597 -0.0278649
0.0543838 -0.995312 -0.0799825
0.0964746 -0.9077 -0.408379
0.226967 -0.446408 0.865567
0.0812325 -0.540352 0.837509
0.214782 -0.764855 0.607343
-0.0435614 -0.82245 0.567168
0.00591297 -0.966181 0.257796
-0.315743 -0.923506 0.217816
-0.287313 -0.949977 -0.122452
-0.287313 -0.949977 -0.122452
-0.225183 -0.865025 -0.448358
-0.225181 -0.865025 -0.448359
-0.135994 -0.677099 -0.723217
-0.594354 -0.790062 -0.150153
-0.594354 -0.790062 -0.150153
-0.514217 -0.714488 -0.474434
-0.514217 -0.714488 -0.474434
-0.372681 -0.553825 -0.744571
-0.372681 -0.553825 -0.744571
-0.184829 -0.324816 -0.927541
-0.184826 -0.324817 -0.927541
-0.0295414 -0.405694 -0.913532
-0.135995 -0.677099 -0.723217
-0.554108 -0.357094 -0.751963
-0.554105 -0.357096 -0.751964
-0.303858 -0.195745 -0.932392
-0.30386 -0.195744 -0.932391
-0.0141374 -0.00896187 -0.99986
0.0273441 -0.0539429 -0.99817
0.081456 -0.082126 -0.993288
-0.0295427 -0.405694 -0.913531
0.14327 -0.428622 -0.892052
0.127402 -0.712046 -0.690477
0.14327 -0.428622 -0.892052
0.141678 -0.0901159 -0.985802
0.766994 -0.299749 -0.567337
0.562897 -0.158119 -0.811262
0.562897 -0.15812 -0.811262
0.28791 0.00414815 -0.957648
0.25153 -0.0442115 -0.966839
0.200749 -0.0769467 -0.976616
0.31277 -0.390832 -0.865693
0.312768 -0.390834 -0.865693
0.385748 -0.65445 -0.650302
0.607874 -0.511262 -0.607536
0.68321 -0.662509 -0.307092
0.877522 -0.404215 -0.258003
0.88409 -0.46046 0.0797618
0.877522 -0.404215 -0.258003
0.766994 -0.299748 -0.567337
0.607874 -0.511262 -0.607536
0.4585 -0.29689 -0.837636
0.4585 -0.29689 -0.837636
0.385748 -0.654451 -0.650302
0.411956 -0.837367 -0.359317
0.68321 -0.662509 -0.307092
0.677673 -0.734845 0.027614
0.88409 -0.46046 0.0797618
0.786961 -0.462696 0.408172
0.786962 -0.462696 0.408172
0.596029 -0.410152 0.690308
0.596029 -0.410152 0.690308
0.331363 -0.307637 0.891941
0.127404 -0.712045 -0.690478
0.0964728 -0.907701 -0.408378
0.411955 -0.837368 -0.359316
0.389518 -0.920597 -0.0278645
0.677673 -0.734845 0.027614
0.59265 -0.72099 0.359082
0.59265 -0.72099 0.359081
0.43691 -0.621666 0.650109
0.436909 -0.621666 0.650109
0.226966 -0.446408 0.865567
0.331362 -0.307637 0.891941
0.023721 -0.166456 0.985763
-0.0126584 -0.214815 0.976573
-0.0634445 -0.247553 0.966795
0.0812317 -0.540352 0.837509
-0.0882634 -0.578139 0.81115
-0.0435615 -0.82245 0.567168
-0.30696 -0.787503 0.534429
-0.315743 -0.923506 0.217815
-0.604778 -0.772968 0.191739
-0.306961 -0.787503 0.534429
-0.261076 -0.555212 0.78967
-0.261077 -0.555212 0.78967
-0.0882625 -0.57814 0.81115
-0.122509 -0.26072 0.95761
-0.182732 -0.25273 0.950124
-0.236846 -0.224546 0.945242
-0.416363 -0.474334 0.775661
-0.416362 -0.474334 0.775661
-0.543647 -0.664231 0.513075
-0.543647 -0.66423 0.513076
-0.604778 -0.772968 0.191739
-0.535393 -0.345262 0.77081
-0.535393 -0.345261 0.77081
-0.725072 -0.467499 0.505683
-0.725072 -0.4675 0.505682
-0.826328 -0.532727 0.182712
-0.826328 -0.532727 0.182711
-0.829707 -0.534853 -0.159744
-0.829708 -0.534853 -0.159743
-0.735768 -0.474246 -0.483463
-0.735769 -0.474245 -0.483462
-0.372277 -0.0340439 -0.927497
-0.658388 -0.110635 -0.744503
-0.658387 -0.110637 -0.744504
-0.863113 -0.173277 -0.474353
-0.863114 -0.173276 -0.474352
-0.964986 -0.215133 -0.150066
-0.964986 -0.215133 -0.150066
-0.953674 -0.231756 0.191821
-0.953674 -0.231757 0.191821
-0.829353 -0.22104 0.513143
-0.829353 -0.22104 0.513143
-0.603811 -0.183563 0.775705
-0.603811 -0.183563 0.775705
-0.983873 0.130535 -0.122289
-0.971453 0.0936394 0.217969
-0.971453 0.0936395 0.217969
-0.843912 0.0454226 0.534555
-0.843912 0.0454223 0.534555
-0.613363 -0.00874082 0.789753
-0.613362 -0.00873984 0.789753
-0.305497 -0.0622954 0.950153
-0.302168 -0.123218 0.945258
-0.278325 -0.179568 0.943552
-0.372275 -0.0340461 -0.927498
-0.0379789 0.047386 -0.998154
-0.0413078 0.108311 -0.993258
-0.381829 0.140779 -0.913448
-0.381828 0.140777 -0.913449
-0.672946 0.155826 -0.723092
-0.672946 0.155827 -0.723091
-0.880893 0.152121 -0.448204
-0.880893 0.152121 -0.448204
-0.983873 0.130536 -0.122289
TEXTURE-VERTEX = 182
0.251709 0.00189877
0.240234 0.0594788
0.263184 0.0594788
0.285156 0.0552063
0.304688 0.0471497
0.321045 0.0352478
0.332031 0.0179291
0.753906 0.002388
0.67334 0.0185547
0.68457 0.0358276
0.700684 0.047699
0.720215 0.0557251
0.742188 0.059967
0.765137 0.059967
0.787109 0.0556946
0.806641 0.0476379
0.823242 0.0357361
0.833984 0.0184174
0.171265 0.0180664
0.182373 0.0353394
0.198608 0.0472107
0.21814 0.0552368
0.270996 0.116882
0.2323 0.116882
0.309082 0.111328
0.344482 0.10022
0.376953 0.0828247
0.404785 0.0561218
0.628418 0.083313
0.600586 0.0566711
0.660645 0.100769
0.696289 0.111877
0.734375 0.117371
0.772949 0.117371
0.811035 0.111816
0.84668 0.100708
0.878906 0.083313
0.906738 0.0566101
0.126343 0.0828247
0.0985718 0.0561523
0.158691 0.100281
0.194336 0.111389
0.275879 0.171875
0.227417 0.171875
0.323975 0.167725
0.371338 0.158813
0.417725 0.144165
0.463867 0.120605
0.587891 0.144653
0.541504 0.121094
0.634277 0.159424
0.681152 0.168213
0.729492 0.172363
0.777832 0.172363
0.826172 0.168213
0.873535 0.159302
0.919922 0.144653
0.966309 0.121094
0.0856323 0.144165
0.0393982 0.120605
0.131958 0.158936
0.179199 0.167725
0.27832 0.224976
0.225098 0.224976
0.331543 0.223511
0.384766 0.220093
0.439209 0.214478
0.497559 0.205078
0.565918 0.214966
0.507813 0.205566
0.620605 0.220703
0.673828 0.223999
0.727051 0.225464
0.780273 0.225464
0.833496 0.223999
0.887207 0.220581
0.941406 0.214966
0.999512 0.205566
0.0640259 0.214478
0.00582504 0.205078
0.118469 0.220215
0.171875 0.223511
0.27832 0.277344
0.225098 0.277344
0.331543 0.278809
0.384766 0.282227
0.439209 0.287842
0.497559 0.297119
0.565918 0.28833
0.507813 0.297607
0.620605 0.282715
0.673828 0.279297
0.727051 0.277832
0.780273 0.277832
0.833496 0.279297
0.887207 0.282715
0.941406 0.28833
0.999512 0.297607
0.0640259 0.287842
0.00582504 0.297119
0.118469 0.282227
0.171875 0.278809
0.275879 0.330566
0.227417 0.330566
0.323975 0.334717
0.371338 0.343506
0.417725 0.358154
0.463867 0.381836
0.587891 0.358643
0.541504 0.382324
0.634277 0.343994
0.681152 0.335205
0.729492 0.331055
0.777832 0.331055
0.826172 0.335205
0.873535 0.343994
0.919922 0.358643
0.966309 0.382324
0.0856323 0.358154
0.0393982 0.381836
0.131958 0.343506
0.179199 0.334717
0.270996 0.385498
0.2323 0.385498
0.309082 0.391113
0.344482 0.4021
0.376953 0.419678
0.404785 0.446289
0.628418 0.419922
0.600586 0.446777
0.660645 0.402588
0.696289 0.391357
0.734375 0.385986
0.772949 0.385986
0.811035 0.391602
0.84668 0.402588
0.878906 0.420166
0.906738 0.446777
0.126343 0.419434
0.0985718 0.446289
0.158691 0.4021
0.194336 0.390869
0.263184 0.442871
0.240234 0.442871
0.285156 0.447266
0.304688 0.455322
0.321045 0.467041
0.332031 0.484375
0.68457 0.467529
0.67334 0.484863
0.700684 0.455566
0.720215 0.447754
0.742188 0.443359
0.765137 0.443359
0.787109 0.447754
0.806641 0.455811
0.823242 0.467529
0.833984 0.484863
0.182373 0.467041
0.171265 0.484375
0.198608 0.455078
0.21814 0.447266
0.251709 0.500488
0.753906 0.500977
0.0402832 0.914551
0.991699 0.915039
0.991699 0.897461
0.0402832 0.896484
0.991699 0.933594
0.0402527 0.933105
0.991699 0.878418
0.0402527 0.878906
0.0402527 0.953125
0.0402527 0.970215
0.991699 0.969238
0.991699 0.95166
0.0402527 0.989258
0.991699 0.98877
0.0232849 0.979004
0.0232849 0.943848
0.00761032 0.952637
0.00761414 0.970215
TEXTURE-FACE = 304
178 172 173
172 178 179
178 180 179
180 178 181
176 174 177
174 176 173
172 174 173
174 172 175
172 168 175
168 172 169
164 168 169
168 164 165
164 166 165
166 164 167
171 166 167
166 171 170
123 142 143
101 103 121
123 121 103
103 122 123
142 123 122
122 144 142
162 142 144
162 143 142
162 161 143
141 143 161
143 141 123
121 123 141
162 144 145
124 145 144
144 122 124
102 124 122
122 103 102
83 102 103
103 101 83
81 83 101
83 81 63
61 63 81
124 102 104
82 104 102
102 83 82
63 82 83
82 63 62
43 62 63
62 43 42
23 42 43
62 84 82
104 82 84
125 104 105
84 105 104
105 84 85
64 85 84
84 62 64
42 64 62
85 64 65
65 86 85
106 85 86
85 106 105
126 105 106
105 126 125
146 125 126
125 146 145
145 124 125
104 125 124
86 65 66
66 87 86
107 86 87
86 107 106
127 106 107
106 127 126
147 126 127
126 147 146
162 146 147
162 145 146
138 119 118
119 138 139
158 139 138
139 158 159
162 159 158
162 158 160
162 160 161
140 161 160
161 140 141
120 141 140
120 98 100
98 120 118
140 118 120
118 140 138
160 138 140
138 160 158
141 120 121
100 121 120
121 100 101
80 101 100
101 80 81
60 81 80
81 60 61
40 61 60
61 40 41
20 41 40
0 19 18
0 20 19
40 19 20
19 40 38
60 38 40
38 60 58
80 58 60
58 80 78
100 78 80
78 100 98
38 18 19
18 38 39
58 39 38
39 58 59
78 59 58
59 78 79
98 79 78
79 98 99
118 99 98
99 118 119
66 45 46
25 46 45
46 25 26
4 26 25
25 3 4
45 24 25
3 25 24
24 2 3
0 3 2
0 4 3
0 5 4
26 4 5
5 27 26
47 26 27
26 47 46
67 46 47
46 67 66
87 66 67
27 5 6
0 6 5
41 20 21
0 21 20
0 1 21
0 2 1
22 1 2
2 24 22
44 22 24
24 45 44
65 44 45
45 66 65
63 61 43
41 43 61
43 41 23
21 23 41
23 21 1
1 22 23
42 23 22
22 44 42
64 42 44
44 65 64
73 94 93
114 93 94
135 114 115
94 115 114
115 94 95
74 95 94
94 73 74
53 74 73
135 156 155
155 134 135
114 135 134
134 113 114
93 114 113
113 92 93
72 93 92
93 72 73
52 73 72
73 52 53
32 53 52
71 92 91
92 71 72
51 72 71
72 51 52
31 52 51
52 31 32
11 32 31
32 11 12
12 33 32
53 32 33
30 51 50
51 30 31
10 31 30
31 10 11
7 11 10
7 12 11
7 13 12
33 12 13
13 34 33
54 33 34
34 13 14
7 14 13
57 36 37
16 37 36
37 16 17
7 17 16
7 16 15
7 15 14
35 14 15
14 35 34
55 34 35
35 56 55
76 55 56
56 77 76
97 76 77
77 56 57
36 57 56
56 35 36
15 36 35
36 15 16
34 55 54
75 54 55
55 76 75
96 75 76
76 97 96
117 96 97
96 117 116
137 116 117
116 137 136
157 136 137
33 54 53
74 53 54
54 75 74
95 74 75
75 96 95
116 95 96
95 116 115
136 115 116
115 136 135
156 135 136
136 157 156
163 156 157
163 155 156
163 154 155
134 155 154
154 133 134
113 134 133
133 112 113
92 113 112
112 91 92
112 133 132
153 132 133
132 153 152
133 154 153
163 153 154
163 152 153
163 151 152
131 152 151
152 131 132
111 132 131
132 111 112
91 112 111
130 151 150
151 130 131
110 131 130
131 110 111
90 111 110
111 90 91
70 91 90
91 70 71
50 71 70
71 50 51
9 30 28
50 28 30
28 50 48
70 48 50
48 70 68
90 68 70
68 90 88
110 88 90
88 110 108
130 108 110
108 130 128
150 128 130
128 150 148
69 88 89
108 89 88
89 108 109
128 109 108
109 128 129
148 129 128
129 148 149
163 149 148
163 148 150
163 150 151
30 9 10
7 10 9
7 9 8
28 8 9
8 28 29
48 29 28
29 48 49
68 49 48
49 68 69
88 69 68
ATTRIBUTE_COUNT = 0
VERTEXWEIGHT_COUNT = 182
VTXWEIGHT_VERTEX_COUNT = 0 1
27 1.0
VTXWEIGHT_VERTEX_COUNT = 1 1
27 1.0
VTXWEIGHT_VERTEX_COUNT = 2 1
27 1.0
VTXWEIGHT_VERTEX_COUNT = 3 1
27 1.0
VTXWEIGHT_VERTEX_COUNT = 4 1
27 1.0
VTXWEIGHT_VERTEX_COUNT = 5 1
27 1.0
VTXWEIGHT_VERTEX_COUNT = 6 1
27 1.0
VTXWEIGHT_VERTEX_COUNT = 7 1
27 1.0
VTXWEIGHT_VERTEX_COUNT = 8 1
27 1.0
VTXWEIGHT_VERTEX_COUNT = 9 1
27 1.0
VTXWEIGHT_VERTEX_COUNT = 10 1
27 1.0
VTXWEIGHT_VERTEX_COUNT = 11 1
27 1.0
VTXWEIGHT_VERTEX_COUNT = 12 1
27 1.0
VTXWEIGHT_VERTEX_COUNT = 13 1
27 1.0
VTXWEIGHT_VERTEX_COUNT = 14 1
27 1.0
VTXWEIGHT_VERTEX_COUNT = 15 1
27 1.0
VTXWEIGHT_VERTEX_COUNT = 16 1
27 1.0
VTXWEIGHT_VERTEX_COUNT = 17 1
27 1.0
VTXWEIGHT_VERTEX_COUNT = 18 1
27 1.0
VTXWEIGHT_VERTEX_COUNT = 19 1
27 1.0
VTXWEIGHT_VERTEX_COUNT = 20 1
27 1.0
VTXWEIGHT_VERTEX_COUNT = 21 1
27 1.0
VTXWEIGHT_VERTEX_COUNT = 22 1
27 1.0
VTXWEIGHT_VERTEX_COUNT = 23 1
27 1.0
VTXWEIGHT_VERTEX_COUNT = 24 1
27 1.0
VTXWEIGHT_VERTEX_COUNT = 25 1
27 1.0
VTXWEIGHT_VERTEX_COUNT = 26 1
27 1.0
VTXWEIGHT_VERTEX_COUNT = 27 1
27 1.0
VTXWEIGHT_VERTEX_COUNT = 28 1
27 1.0
VTXWEIGHT_VERTEX_COUNT = 29 1
27 1.0
VTXWEIGHT_VERTEX_COUNT = 30 1
27 1.0
VTXWEIGHT_VERTEX_COUNT = 31 1
27 1.0
VTXWEIGHT_VERTEX_COUNT = 32 1
27 1.0
VTXWEIGHT_VERTEX_COUNT = 33 1
27 1.0
VTXWEIGHT_VERTEX_COUNT = 34 1
27 1.0
VTXWEIGHT_VERTEX_COUNT = 35 1
27 1.0
VTXWEIGHT_VERTEX_COUNT = 36 1
27 1.0
VTXWEIGHT_VERTEX_COUNT = 37 1
27 1.0
VTXWEIGHT_VERTEX_COUNT = 38 1
27 1.0
VTXWEIGHT_VERTEX_COUNT = 39 1
27 1.0
VTXWEIGHT_VERTEX_COUNT = 40 1
27 1.0
VTXWEIGHT_VERTEX_COUNT = 41 1
27 1.0
VTXWEIGHT_VERTEX_COUNT = 42 1
27 1.0
VTXWEIGHT_VERTEX_COUNT = 43 1
27 1.0
VTXWEIGHT_VERTEX_COUNT = 44 1
27 1.0
VTXWEIGHT_VERTEX_COUNT = 45 1
27 1.0
VTXWEIGHT_VERTEX_COUNT = 46 1
27 1.0
VTXWEIGHT_VERTEX_COUNT = 47 1
27 1.0
VTXWEIGHT_VERTEX_COUNT = 48 1
27 1.0
VTXWEIGHT_VERTEX_COUNT = 49 1
27 1.0
VTXWEIGHT_VERTEX_COUNT = 50 1
27 1.0
VTXWEIGHT_VERTEX_COUNT = 51 1
27 1.0
VTXWEIGHT_VERTEX_COUNT = 52 1
27 1.0
VTXWEIGHT_VERTEX_COUNT = 53 1
27 1.0
VTXWEIGHT_VERTEX_COUNT = 54 1
27 1.0
VTXWEIGHT_VERTEX_COUNT = 55 1
27 1.0
VTXWEIGHT_VERTEX_COUNT = 56 1
27 1.0
VTXWEIGHT_VERTEX_COUNT = 57 1
27 1.0
VTXWEIGHT_VERTEX_COUNT = 58 1
27 1.0
VTXWEIGHT_VERTEX_COUNT = 59 1
27 1.0
VTXWEIGHT_VERTEX_COUNT = 60 1
27 1.0
VTXWEIGHT_VERTEX_COUNT = 61 1
27 1.0
VTXWEIGHT_VERTEX_COUNT = 62 1
27 1.0
VTXWEIGHT_VERTEX_COUNT = 63 1
27 1.0
VTXWEIGHT_VERTEX_COUNT = 64 1
27 1.0
VTXWEIGHT_VERTEX_COUNT = 65 1
27 1.0
VTXWEIGHT_VERTEX_COUNT = 66 1
27 1.0
VTXWEIGHT_VERTEX_COUNT = 67 1
27 1.0
VTXWEIGHT_VERTEX_COUNT = 68 1
27 1.0
VTXWEIGHT_VERTEX_COUNT = 69 1
27 1.0
VTXWEIGHT_VERTEX_COUNT = 70 1
27 1.0
VTXWEIGHT_VERTEX_COUNT = 71 1
27 1.0
VTXWEIGHT_VERTEX_COUNT = 72 1
27 1.0
VTXWEIGHT_VERTEX_COUNT = 73 1
27 1.0
VTXWEIGHT_VERTEX_COUNT = 74 1
27 1.0
VTXWEIGHT_VERTEX_COUNT = 75 1
27 1.0
VTXWEIGHT_VERTEX_COUNT = 76 1
27 1.0
VTXWEIGHT_VERTEX_COUNT = 77 1
27 1.0
VTXWEIGHT_VERTEX_COUNT = 78 1
27 1.0
VTXWEIGHT_VERTEX_COUNT = 79 1
27 1.0
VTXWEIGHT_VERTEX_COUNT = 80 1
27 1.0
VTXWEIGHT_VERTEX_COUNT = 81 1
27 1.0
VTXWEIGHT_VERTEX_COUNT = 82 1
27 1.0
VTXWEIGHT_VERTEX_COUNT = 83 1
27 1.0
VTXWEIGHT_VERTEX_COUNT = 84 1
27 1.0
VTXWEIGHT_VERTEX_COUNT = 85 1
27 1.0
VTXWEIGHT_VERTEX_COUNT = 86 1
27 1.0
VTXWEIGHT_VERTEX_COUNT = 87 1
27 1.0
VTXWEIGHT_VERTEX_COUNT = 88 1
27 1.0
VTXWEIGHT_VERTEX_COUNT = 89 1
27 1.0
VTXWEIGHT_VERTEX_COUNT = 90 1
27 1.0
VTXWEIGHT_VERTEX_COUNT = 91 1
27 1.0
VTXWEIGHT_VERTEX_COUNT = 92 1
27 1.0
VTXWEIGHT_VERTEX_COUNT = 93 1
27 1.0
VTXWEIGHT_VERTEX_COUNT = 94 1
27 1.0
VTXWEIGHT_VERTEX_COUNT = 95 1
27 1.0
VTXWEIGHT_VERTEX_COUNT = 96 1
27 1.0
VTXWEIGHT_VERTEX_COUNT = 97 1
27 1.0
VTXWEIGHT_VERTEX_COUNT = 98 1
27 1.0
VTXWEIGHT_VERTEX_COUNT = 99 1
27 1.0
VTXWEIGHT_VERTEX_COUNT = 100 1
27 1.0
VTXWEIGHT_VERTEX_COUNT = 101 1
27 1.0
VTXWEIGHT_VERTEX_COUNT = 102 1
27 1.0
VTXWEIGHT_VERTEX_COUNT = 103 1
27 1.0
VTXWEIGHT_VERTEX_COUNT = 104 1
27 1.0
VTXWEIGHT_VERTEX_COUNT = 105 1
27 1.0
VTXWEIGHT_VERTEX_COUNT = 106 1
27 1.0
VTXWEIGHT_VERTEX_COUNT = 107 1
27 1.0
VTXWEIGHT_VERTEX_COUNT = 108 1
27 1.0
VTXWEIGHT_VERTEX_COUNT = 109 1
27 1.0
VTXWEIGHT_VERTEX_COUNT = 110 1
27 1.0
VTXWEIGHT_VERTEX_COUNT = 111 1
27 1.0
VTXWEIGHT_VERTEX_COUNT = 112 1
27 1.0
VTXWEIGHT_VERTEX_COUNT = 113 1
27 1.0
VTXWEIGHT_VERTEX_COUNT = 114 1
27 1.0
VTXWEIGHT_VERTEX_COUNT = 115 1
27 1.0
VTXWEIGHT_VERTEX_COUNT = 116 1
27 1.0
VTXWEIGHT_VERTEX_COUNT = 117 1
27 1.0
VTXWEIGHT_VERTEX_COUNT = 118 1
27 1.0
VTXWEIGHT_VERTEX_COUNT = 119 1
27 1.0
VTXWEIGHT_VERTEX_COUNT = 120 1
27 1.0
VTXWEIGHT_VERTEX_COUNT = 121 1
27 1.0
VTXWEIGHT_VERTEX_COUNT = 122 1
27 1.0
VTXWEIGHT_VERTEX_COUNT = 123 1
27 1.0
VTXWEIGHT_VERTEX_COUNT = 124 1
27 1.0
VTXWEIGHT_VERTEX_COUNT = 125 1
27 1.0
VTXWEIGHT_VERTEX_COUNT = 126 1
27 1.0
VTXWEIGHT_VERTEX_COUNT = 127 1
27 1.0
VTXWEIGHT_VERTEX_COUNT = 128 1
27 1.0
VTXWEIGHT_VERTEX_COUNT = 129 1
27 1.0
VTXWEIGHT_VERTEX_COUNT = 130 1
27 1.0
VTXWEIGHT_VERTEX_COUNT = 131 1
27 1.0
VTXWEIGHT_VERTEX_COUNT = 132 1
27 1.0
VTXWEIGHT_VERTEX_COUNT = 133 1
27 1.0
VTXWEIGHT_VERTEX_COUNT = 134 1
27 1.0
VTXWEIGHT_VERTEX_COUNT = 135 1
27 1.0
VTXWEIGHT_VERTEX_COUNT = 136 1
27 1.0
VTXWEIGHT_VERTEX_COUNT = 137 1
27 1.0
VTXWEIGHT_VERTEX_COUNT = 138 1
27 1.0
VTXWEIGHT_VERTEX_COUNT = 139 1
27 1.0
VTXWEIGHT_VERTEX_COUNT = 140 1
27 1.0
VTXWEIGHT_VERTEX_COUNT = 141 1
27 1.0
VTXWEIGHT_VERTEX_COUNT = 142 1
27 1.0
VTXWEIGHT_VERTEX_COUNT = 143 1
27 1.0
VTXWEIGHT_VERTEX_COUNT = 144 1
27 1.0
VTXWEIGHT_VERTEX_COUNT = 145 1
27 1.0
VTXWEIGHT_VERTEX_COUNT = 146 1
27 1.0
VTXWEIGHT_VERTEX_COUNT = 147 1
27 1.0
VTXWEIGHT_VERTEX_COUNT = 148 1
27 1.0
VTXWEIGHT_VERTEX_COUNT = 149 1
27 1.0
VTXWEIGHT_VERTEX_COUNT = 150 1
27 1.0
VTXWEIGHT_VERTEX_COUNT = 151 1
27 1.0
VTXWEIGHT_VERTEX_COUNT = 152 1
27 1.0
VTXWEIGHT_VERTEX_COUNT = 153 1
27 1.0
VTXWEIGHT_VERTEX_COUNT = 154 1
27 1.0
VTXWEIGHT_VERTEX_COUNT = 155 1
27 1.0
VTXWEIGHT_VERTEX_COUNT = 156 1
27 1.0
VTXWEIGHT_VERTEX_COUNT = 157 1
27 1.0
VTXWEIGHT_VERTEX_COUNT = 158 1
27 1.0
VTXWEIGHT_VERTEX_COUNT = 159 1
27 1.0
VTXWEIGHT_VERTEX_COUNT = 160 1
27 1.0
VTXWEIGHT_VERTEX_COUNT = 161 1
27 1.0
VTXWEIGHT_VERTEX_COUNT = 162 1
27 1.0
VTXWEIGHT_VERTEX_COUNT = 163 1
27 1.0
VTXWEIGHT_VERTEX_COUNT = 164 1
27 1.0
VTXWEIGHT_VERTEX_COUNT = 165 1
27 1.0
VTXWEIGHT_VERTEX_COUNT = 166 1
27 1.0
VTXWEIGHT_VERTEX_COUNT = 167 1
27 1.0
VTXWEIGHT_VERTEX_COUNT = 168 1
27 1.0
VTXWEIGHT_VERTEX_COUNT = 169 1
27 1.0
VTXWEIGHT_VERTEX_COUNT = 170 1
27 1.0
VTXWEIGHT_VERTEX_COUNT = 171 1
27 1.0
VTXWEIGHT_VERTEX_COUNT = 172 1
27 1.0
VTXWEIGHT_VERTEX_COUNT = 173 1
27 1.0
VTXWEIGHT_VERTEX_COUNT = 174 1
27 1.0
VTXWEIGHT_VERTEX_COUNT = 175 1
27 1.0
VTXWEIGHT_VERTEX_COUNT = 176 1
27 1.0
VTXWEIGHT_VERTEX_COUNT = 177 1
27 1.0
VTXWEIGHT_VERTEX_COUNT = 178 1
27 1.0
VTXWEIGHT_VERTEX_COUNT = 179 1
27 1.0
VTXWEIGHT_VERTEX_COUNT = 180 1
27 1.0
VTXWEIGHT_VERTEX_COUNT = 181 1
27 1.0
BONEOBJECT_COUNT = 50
VERTEX = 9
-0.25 0.25 -0.25
0.25 0.25 -0.25
0.25 -0.25 -0.25
-0.25 -0.25 -0.25
-0.0249591 0.025 -114.325
0.0250409 0.025 -114.325
0.0250409 -0.025 -114.325
-0.0249591 -0.025 -114.325
0.0 0.0 0.0
INDEX = 14
4 5 7
6 7 5
1 2 5
6 5 2
0 1 4
5 4 1
7 6 3
2 3 6
4 7 0
3 0 7
8 1 0
8 2 1
8 3 2
8 0 3
FACE-NORMAL = 14
3.57628e-007 0.0 -1.0
3.57628e-007 0.0 -1.0
0.999998 0.0 -0.00197202
0.999998 0.0 -0.00197202
0.0 0.999998 -0.00197237
0.0 0.999998 -0.00197238
0.0 -0.999998 -0.00197238
0.0 -0.999998 -0.00197237
-0.999998 0.0 -0.00197273
-0.999998 0.0 -0.00197273
-2.52881e-007 0.707107 0.707107
0.707107 0.0 0.707107
-2.52881e-007 -0.707107 0.707107
-0.707107 0.0 0.707107
BONE = 0
BONE_NAME = Root
PARENT_ID = -1
LOCALTM 
MAT 3.57628e-007 0.0 -1.0 0.0
MAT 0.0 1.0 0.0 0.0
MAT 1.0 0.0 3.57628e-007 0.0
MAT 0.0 0.0 0.0 1.0
WORLDTM 
MAT 3.57628e-007 0.0 -1.0 0.0
MAT 0.0 1.0 0.0 0.0
MAT 1.0 0.0 3.57628e-007 0.0
MAT 0.0 0.0 0.0 1.0
VERTEX = 9
-0.25 114.572 0.655317
0.25 114.572 0.655317
0.25 114.072 0.655317
-0.25 114.072 0.655317
-0.0249952 114.347 -3.09468
0.0250048 114.347 -3.09468
0.0250048 114.297 -3.09468
-0.0249952 114.297 -3.09468
0.0 114.322 0.905317
INDEX = 14
4 5 7
6 7 5
1 2 5
6 5 2
0 1 4
5 4 1
7 6 3
2 3 6
4 7 0
3 0 7
8 1 0
8 2 1
8 3 2
8 0 3
FACE-NORMAL = 14
1.19209e-006 0.0 -1.0
1.19209e-006 0.0 -1.0
0.998205 0.0 -0.0598911
0.998205 0.0 -0.0598911
0.0 0.998205 -0.0598923
0.0 0.998205 -0.0598923
0.0 -0.998205 -0.0598923
0.0 -0.998205 -0.0598923
-0.998205 0.0 -0.0598935
-0.998205 0.0 -0.0598935
-8.42937e-007 0.707107 0.707107
0.707106 0.0 0.707108
-8.42937e-007 -0.707107 0.707107
-0.707108 0.0 0.707106
BONE = 1
BONE_NAME = Bip01
PARENT_ID = 0
LOCALTM 
MAT 1.0 0.0 8.34465e-007 0.0
MAT 0.0 1.0 0.0 0.0
MAT -8.34465e-007 0.0 1.0 0.0
MAT -0.905317 114.322 3.23767e-007 1.0
WORLDTM 
MAT 1.19209e-006 0.0 -1.0 0.0
MAT 0.0 1.0 0.0 0.0
MAT 1.0 0.0 1.19209e-006 0.0
MAT 0.0 114.322 0.905317 1.0
VERTEX = 9
0.249999 114.609 1.11157
0.25 114.528 0.618159
-0.25 114.528 0.618158
-0.250001 114.609 1.11157
0.0249932 118.273 0.282734
0.0249933 118.265 0.233393
-0.0250067 118.265 0.233393
-0.0250069 118.273 0.282734
0.0 114.322 0.905317
INDEX = 14
4 5 7
6 7 5
1 2 5
6 5 2
0 1 4
5 4 1
7 6 3
2 3 6
4 7 0
3 0 7
8 1 0
8 2 1
8 3 2
8 0 3
FACE-NORMAL = 14
-1.69873e-006 0.986821 -0.161813
-1.69873e-006 0.986821 -0.161813
2.1443e-006 -0.10242 -0.994741
2.1443e-006 -0.10242 -0.994741
0.998205 0.0591049 -0.00968939
0.998205 0.0591049 -0.00968938
-0.998205 0.059101 -0.00969333
-0.998205 0.059101 -0.00969333
-2.34778e-006 0.220626 0.975359
-2.34778e-006 0.220626 0.975359
0.707108 -0.697787 0.114421
2.79223e-006 -0.812207 -0.583369
-0.707106 -0.697789 0.114418
-3.89859e-007 -0.583369 0.812207
BONE = 2
BONE_NAME = Bip01-Pelvis
PARENT_ID = 1
LOCALTM 
MAT 0.161813 0.986822 -1.89163e-006 0.0
MAT -7.82311e-007 1.96695e-006 1.0 0.0
MAT 0.986822 -0.161813 1.07369e-006 0.0
MAT 0.0 0.0 0.0 1.0
WORLDTM 
MAT -1.69873e-006 0.986822 -0.161813 0.0
MAT 1.0 1.96695e-006 1.9744e-006 0.0
MAT 2.25008e-006 -0.161813 -0.986821 0.0
MAT 0.0 114.322 0.905317 1.0
VERTEX = 9
0.250001 117.032 -1.05933
0.250001 117.018 -1.55913
-0.249999 117.018 -1.55913
-0.249999 117.032 -1.05933
0.0250025 125.361 -1.52085
0.0250025 125.36 -1.57083
-0.0249975 125.36 -1.57083
-0.0249975 125.361 -1.52085
9.2658e-007 116.775 -1.30214
INDEX = 14
4 5 7
6 7 5
1 2 5
6 5 2
0 1 4
5 4 1
7 6 3
2 3 6
4 7 0
3 0 7
8 1 0
8 2 1
8 3 2
8 0 3
FACE-NORMAL = 14
1.78814e-007 0.999597 -0.0283745
1.78814e-007 0.999597 -0.0283745
1.42841e-007 -0.00140247 -0.999999
1.42841e-007 -0.00140247 -0.999999
0.999636 0.0269616 -0.000765165
0.999636 0.0269616 -0.000765165
-0.999636 0.0269619 -0.000765504
-0.999636 0.0269619 -0.000765504
-1.33195e-007 0.055326 0.998468
-1.33195e-007 0.055326 0.998468
0.707107 -0.706822 0.0200639
0.0 -0.726886 -0.686758
-0.707107 -0.706822 0.0200637
-2.2407e-007 -0.686758 0.726886
BONE = 3
BONE_NAME = Bip01-Spine
PARENT_ID = 2
LOCALTM 
MAT 0.991015 2.16323e-006 -0.133747 0.0
MAT -1.76661e-006 1.0 2.11869e-006 0.0
MAT 0.133747 -1.86459e-006 0.991015 0.0
MAT 2.77816 1.63769e-006 1.78139 1.0
WORLDTM 
MAT 1.78814e-007 0.999597 -0.0283745 0.0
MAT 1.0 -1.19209e-007 1.69501e-007 0.0
MAT 1.38069e-007 -0.0283745 -0.999597 0.0
MAT 9.2658e-007 116.775 -1.30214 1.0
VERTEX = 9
0.250002 125.631 -1.31171
0.250002 125.588 -1.80987
-0.249998 125.588 -1.80987
-0.249998 125.631 -1.31171
0.0250049 133.516 -2.21695
0.0250049 133.512 -2.26676
-0.0249951 133.512 -2.26676
-0.0249951 133.516 -2.21695
1.64827e-006 125.361 -1.53933
INDEX = 14
4 5 7
6 7 5
1 2 5
6 5 2
0 1 4
5 4 1
7 6 3
2 3 6
4 7 0
3 0 7
8 1 0
8 2 1
8 3 2
8 0 3
FACE-NORMAL = 14
4.00222e-007 0.996309 -0.0858435
4.00222e-007 0.996309 -0.0858435
-3.41049e-007 -0.0575652 -0.998342
-3.41049e-007 -0.0575652 -0.998342
0.999598 0.0282434 -0.00243382
0.999598 0.0282434 -0.00243382
-0.999598 0.0282442 -0.00243324
-0.999598 0.0282442 -0.00243324
3.6374e-007 0.114053 0.993475
3.6374e-007 0.114053 0.993475
0.707107 -0.704497 0.0607003
-5.3228e-007 -0.765197 -0.643796
-0.707107 -0.704496 0.0607007
0.0 -0.643796 0.765197
BONE = 4
BONE_NAME = Bip01-Spine1
PARENT_ID = 3
LOCALTM 
MAT 0.998343 2.1376e-007 0.0575391 0.0
MAT -2.41029e-007 1.0 4.66992e-007 0.0
MAT -0.0575391 -4.80087e-007 0.998343 0.0
MAT 8.58877 -8.13205e-007 -0.00651264 1.0
WORLDTM 
MAT 4.00222e-007 0.996309 -0.0858435 0.0
MAT 1.0 -3.73392e-007 -2.90465e-007 0.0
MAT -3.52536e-007 -0.0858435 -0.996309 0.0
MAT 1.64827e-006 125.361 -1.53933 1.0
VERTEX = 9
0.250004 133.736 -1.95053
0.250003 133.792 -2.44744
-0.249997 133.792 -2.44744
-0.249996 133.736 -1.95053
0.0249993 155.533 0.258532
0.0249992 155.539 0.208841
-0.0250008 155.539 0.208841
-0.0250007 155.533 0.258532
3.30615e-006 133.516 -2.22675
INDEX = 14
4 5 7
6 7 5
1 2 5
6 5 2
0 1 4
5 4 1
7 6 3
2 3 6
4 7 0
3 0 7
8 1 0
8 2 1
8 3 2
8 0 3
FACE-NORMAL = 14
-1.81766e-007 0.993816 0.111044
-1.81766e-007 0.993816 0.111044
-1.60196e-006 0.121244 -0.992623
-1.60196e-006 0.121244 -0.992623
0.999947 0.0102069 0.00113887
0.999947 0.0102069 0.00113887
-0.999947 0.0102061 0.00114196
-0.999947 0.0102061 0.00114196
1.59823e-006 -0.100831 0.994904
1.59823e-006 -0.100831 0.994904
0.707107 -0.702733 -0.0785208
-1.00297e-006 -0.624214 -0.781253
-0.707107 -0.702734 -0.0785186
1.26002e-006 -0.781253 0.624214
BONE = 5
BONE_NAME = Bip01-Spine2
PARENT_ID = 4
LOCALTM 
MAT 0.980615 -6.43308e-007 -0.195946 0.0
MAT 8.92013e-007 1.0 1.18101e-006 0.0
MAT 0.195946 -1.3329e-006 0.980615 0.0
MAT 8.18375 -1.62278e-006 -0.0151625 1.0
WORLDTM 
MAT -1.81766e-007 0.993816 0.111044 0.0
MAT 1.0 4.13947e-007 -1.54368e-006 0.0
MAT -1.60018e-006 0.111044 -0.993816 0.0
MAT 3.30615e-006 133.516 -2.22675 1.0
VERTEX = 9
0.249997 154.998 4.28604
0.249996 155.053 3.78914
-0.250004 155.053 3.78914
-0.250003 154.998 4.28604
0.0249945 164.536 5.12541
0.0249944 164.542 5.07572
-0.0250056 164.542 5.07572
-0.0250055 164.536 5.12541
-3.73426e-006 154.777 4.00983
INDEX = 14
4 5 7
6 7 5
1 2 5
6 5 2
0 1 4
5 4 1
7 6 3
2 3 6
4 7 0
3 0 7
8 1 0
8 2 1
8 3 2
8 0 3
FACE-NORMAL = 14
-1.81766e-007 0.993816 0.111044
-1.81766e-007 0.993816 0.111044
-1.60401e-006 0.134366 -0.990932
-1.60401e-006 0.134366 -0.990932
0.999724 0.0233533 0.00260779
0.999724 0.0233533 0.00260779
-0.999724 0.0233525 0.00261087
-0.999724 0.0233525 0.00261087
1.59546e-006 -0.0876601 0.99615
1.59546e-006 -0.0876601 0.99615
0.707107 -0.702733 -0.0785208
-1.00297e-006 -0.624214 -0.781253
-0.707107 -0.702734 -0.0785186
1.26002e-006 -0.781253 0.624214
BONE = 6
BONE_NAME = Bip01-Neck
PARENT_ID = 5
LOCALTM 
MAT 1.0 0.0 0.0 0.0
MAT 0.0 1.0 0.0 0.0
MAT 0.0 0.0 1.0 0.0
MAT 21.8226 -9.21375e-006 -3.83704 1.0
WORLDTM 
MAT -1.81766e-007 0.993816 0.111044 0.0
MAT 1.0 4.13947e-007 -1.54368e-006 0.0
MAT -1.60018e-006 0.111044 -0.993816 0.0
MAT -3.73426e-006 154.777 4.00983 1.0
VERTEX = 9
0.249993 164.91 4.44467
0.249992 164.759 3.96797
-0.250008 164.759 3.96797
-0.250007 164.91 4.44467
0.0250155 191.178 -4.10367
0.0250154 191.163 -4.15134
-0.0249846 191.163 -4.15134
-0.0249845 191.178 -4.10367
-7.68375e-006 164.596 4.28174
INDEX = 14
4 5 7
6 7 5
1 2 5
6 5 2
0 1 4
5 4 1
7 6 3
2 3 6
4 7 0
3 0 7
8 1 0
8 2 1
8 3 2
8 0 3
FACE-NORMAL = 14
8.30934e-007 0.953406 -0.301689
8.30934e-007 0.953406 -0.301689
-1.90164e-006 -0.293914 -0.955832
-1.90164e-006 -0.293914 -0.955832
0.999967 0.00776405 -0.00245876
0.999967 0.00776405 -0.00245876
-0.999967 0.00776668 -0.00245568
-0.999967 0.00776667 -0.00245567
1.91518e-006 0.309445 0.950917
1.91518e-006 0.309445 0.950917
0.707106 -0.674161 0.213325
-1.93705e-006 -0.887487 -0.460834
-0.707107 -0.674159 0.213328
7.61935e-007 -0.460834 0.887487
BONE = 7
BONE_NAME = Bip01-Head
PARENT_ID = 6
LOCALTM 
MAT 0.914009 1.64625e-006 0.405693 0.0
MAT -1.7155e-006 1.0 -1.9292e-007 0.0
MAT -0.405693 -5.19637e-007 0.914009 0.0
MAT 9.78825 -8.58046e-007 0.82008 1.0
WORLDTM 
MAT 8.30934e-007 0.953406 -0.301689 0.0
MAT 1.0 -1.31237e-006 -1.54245e-006 0.0
MAT -1.90847e-006 -0.301689 -0.953406 0.0
MAT -7.68375e-006 164.596 4.28174 1.0
VERTEX = 9
-0.24998 191.997 10.6704
-0.24998 191.505 10.5835
0.25002 191.505 10.5835
0.25002 191.997 10.6704
-0.0249835 190.174 19.7036
-0.0249835 190.125 19.6949
0.0250165 190.125 19.6949
0.0250165 190.174 19.7036
2.00383e-005 191.794 10.3808
INDEX = 14
4 5 7
6 7 5
1 2 5
6 5 2
0 1 4
5 4 1
7 6 3
2 3 6
4 7 0
3 0 7
8 1 0
8 2 1
8 3 2
8 0 3
FACE-NORMAL = 14
-3.72529e-007 -0.173785 0.984784
-3.72529e-007 -0.173785 0.984784
-3.5172e-007 -0.988733 -0.149688
-3.5172e-007 -0.988733 -0.149688
-0.999702 -0.00424282 0.0240445
-0.999702 -0.00424282 0.0240445
0.999702 -0.00424353 0.024045
0.999702 -0.00424353 0.024045
3.33529e-007 0.980247 0.197778
3.33529e-007 0.980247 0.197778
-0.707107 0.122885 -0.696347
0.0 -0.573463 -0.819232
0.707107 0.122884 -0.696347
5.05762e-007 0.819232 -0.573463
BONE = 8
BONE_NAME = HairBone_01
PARENT_ID = 7
LOCALTM 
MAT -0.462786 -1.67979e-006 -0.88647 0.0
MAT -3.63995e-007 -1.0 2.01434e-006 0.0
MAT -0.88647 1.27709e-006 0.462786 0.0
MAT 24.0911 -1.90536e-005 -14.0203 1.0
WORLDTM 
MAT -3.72529e-007 -0.173785 0.984784 0.0
MAT -1.0 3.57628e-007 -2.68221e-007 0.0
MAT -3.42727e-007 -0.984784 -0.173785 0.0
MAT 2.00383e-005 191.794 10.3808 1.0
VERTEX = 9
-0.249979 189.974 20.0061
-0.249979 189.843 19.5236
0.250021 189.843 19.5236
0.250021 189.974 20.0061
-0.0249839 163.297 27.032
-0.0249839 163.284 26.9837
0.0250161 163.284 26.9837
0.0250161 163.297 27.032
2.10886e-005 190.15 19.6992
INDEX = 14
4 5 7
6 7 5
1 2 5
6 5 2
0 1 4
5 4 1
7 6 3
2 3 6
4 7 0
3 0 7
8 1 0
8 2 1
8 3 2
8 0 3
FACE-NORMAL = 14
-1.78814e-007 -0.964915 0.262563
-1.78814e-007 -0.964915 0.262563
0.0 -0.270424 -0.962741
0.0 -0.270424 -0.962741
-0.999967 -0.00786984 0.00214139
-0.999967 -0.00786984 0.00214139
0.999967 -0.00787009 0.0021416
0.999967 -0.00787009 0.0021416
0.0 0.254684 0.967024
0.0 0.254684 0.967024
-0.707107 0.682298 -0.18566
1.68587e-007 0.496638 -0.867958
0.707107 0.682298 -0.18566
0.0 0.867958 0.496638
BONE = 9
BONE_NAME = HairBone_02
PARENT_ID = 8
LOCALTM 
MAT 0.426256 -2.9001e-007 0.904603 0.0
MAT 2.01557e-007 1.0 1.98968e-007 0.0
MAT -0.904603 1.31297e-007 0.426255 0.0
MAT 9.46242 -4.5753e-006 -3.05176e-005 1.0
WORLDTM 
MAT -1.78814e-007 -0.964915 0.262563 0.0
MAT -1.0 1.2666e-007 0.0 0.0
MAT 0.0 -0.262563 -0.964915 0.0
MAT 2.10886e-005 190.15 19.6992 1.0
VERTEX = 9
-0.249982 163.1 27.3053
-0.249982 162.993 26.8168
0.250018 162.993 26.8168
0.250018 163.1 27.3053
-0.0249823 136.437 32.8792
-0.0249823 136.426 32.8303
0.0250177 136.426 32.8303
0.0250177 136.437 32.8792
1.80793e-005 163.291 27.0079
INDEX = 14
4 5 7
6 7 5
1 2 5
6 5 2
0 1 4
5 4 1
7 6 3
2 3 6
4 7 0
3 0 7
8 1 0
8 2 1
8 3 2
8 0 3
FACE-NORMAL = 14
0.0 -0.977116 0.212706
0.0 -0.977116 0.212706
2.27112e-007 -0.22077 -0.975326
2.27112e-007 -0.22077 -0.975326
-0.999966 -0.00807131 0.0017568
-0.999966 -0.00807132 0.0017568
0.999966 -0.00807111 0.00175721
0.999966 -0.0080711 0.00175721
-2.27358e-007 0.204628 0.97884
-2.27358e-007 0.204628 0.97884
-0.707107 0.690925 -0.150406
1.71222e-007 0.54052 -0.841331
0.707107 0.690926 -0.150406
-1.50148e-007 0.841331 0.54052
BONE = 10
BONE_NAME = HairBone_03
PARENT_ID = 9
LOCALTM 
MAT 0.998683 -1.60619e-007 0.0513115 0.0
MAT 1.96455e-007 1.0 1.57698e-007 0.0
MAT -0.0513115 -1.58541e-007 0.998683 0.0
MAT 27.8357 -1.96812e-006 0.0 1.0
WORLDTM 
MAT 0.0 -0.977116 0.212706 0.0
MAT -1.0 0.0 -2.04891e-007 0.0
MAT 2.27243e-007 -0.212706 -0.977116 0.0
MAT 1.80793e-005 163.291 27.0079 1.0
VERTEX = 9
-0.249985 136.248 33.1566
-0.249985 136.13 32.6707
0.250015 136.13 32.6707
0.250015 136.248 33.1566
-0.0249891 112.319 38.7259
-0.0249891 112.307 38.6774
0.0250109 112.307 38.6774
0.0250109 112.319 38.7259
1.53475e-005 136.432 32.8547
INDEX = 14
4 5 7
6 7 5
1 2 5
6 5 2
0 1 4
5 4 1
7 6 3
2 3 6
4 7 0
3 0 7
8 1 0
8 2 1
8 3 2
8 0 3
FACE-NORMAL = 14
-1.78814e-007 -0.97185 0.235601
-1.78814e-007 -0.97185 0.235601
-3.07099e-007 -0.244492 -0.969651
-3.07099e-007 -0.244492 -0.969651
-0.999958 -0.00890021 0.00215794
-0.999958 -0.00890021 0.00215794
0.999958 -0.00890058 0.00215742
0.999958 -0.00890058 0.00215742
3.03823e-007 0.226691 0.973967
3.03823e-007 0.226691 0.973967
-0.707107 0.687202 -0.166595
0.0 0.520607 -0.853797
0.707107 0.687201 -0.166595
3.42443e-007 0.853797 0.520607
BONE = 11
BONE_NAME = HairBone_04
PARENT_ID = 10
LOCALTM 
MAT 0.999724 1.58579e-007 -0.0234913 0.0
MAT -1.81007e-007 1.0 -5.1597e-007 0.0
MAT 0.0234912 5.32304e-007 0.999724 0.0
MAT 27.488 2.32212e-006 3.8147e-006 1.0
WORLDTM 
MAT -1.78814e-007 -0.97185 0.235601 0.0
MAT -1.0 1.82306e-007 2.6077e-007 0.0
MAT -3.05474e-007 -0.235601 -0.97185 0.0
MAT 1.53475e-005 136.432 32.8547 1.0
VERTEX = 9
-0.249988 112.139 39.0094
-0.249988 112.005 38.5277
0.250012 112.005 38.5277
0.250012 112.139 39.0094
-0.0249914 99.1645 42.38
-0.0249914 99.1511 42.3318
0.0250086 99.1511 42.3318
0.0250086 99.1645 42.38
1.22533e-005 112.313 38.7017
INDEX = 14
4 5 7
6 7 5
1 2 5
6 5 2
0 1 4
5 4 1
7 6 3
2 3 6
4 7 0
3 0 7
8 1 0
8 2 1
8 3 2
8 0 3
FACE-NORMAL = 14
-2.68221e-007 -0.963518 0.267644
-2.68221e-007 -0.963518 0.267644
0.0 -0.283778 -0.95889
0.0 -0.283778 -0.95889
-0.999859 -0.0161718 0.00449212
-0.999859 -0.0161718 0.00449212
0.999859 -0.0161721 0.00449231
0.999859 -0.0161721 0.00449231
0.0 0.251434 0.967874
0.0 0.251434 0.967874
-0.707107 0.68131 -0.189253
2.21271e-007 0.492057 -0.870563
0.707107 0.68131 -0.189253
1.58051e-007 0.870563 0.492057
BONE = 12
BONE_NAME = HairBone_05
PARENT_ID = 11
LOCALTM 
MAT 0.999452 0.0 -0.033104 0.0
MAT 0.0 1.0 3.62426e-007 0.0
MAT 0.033104 -3.55929e-007 0.999452 0.0
MAT 24.8171 -1.34338e-006 -7.62939e-006 1.0
WORLDTM 
MAT -2.68221e-007 -0.963518 0.267644 0.0
MAT -1.0 1.19209e-007 0.0 0.0
MAT 0.0 -0.267644 -0.963518 0.0
MAT 1.22533e-005 112.313 38.7017 1.0
VERTEX = 9
-0.249988 99.0148 42.6793
-0.249988 98.8345 42.2129
0.250012 98.8345 42.2129
0.250012 99.0148 42.6793
-0.0249908 85.4632 47.678
-0.0249909 85.4451 47.6314
0.0250092 85.4451 47.6314
0.0250092 85.4632 47.678
1.17764e-005 99.1578 42.3559
INDEX = 14
4 5 7
6 7 5
1 2 5
6 5 2
0 1 4
5 4 1
7 6 3
2 3 6
4 7 0
3 0 7
8 1 0
8 2 1
8 3 2
8 0 3
FACE-NORMAL = 14
-1.77883e-007 -0.932703 0.360645
-1.77883e-007 -0.932703 0.360645
0.0 -0.37513 -0.926972
0.0 -0.37513 -0.926972
-0.999879 -0.0145288 0.00561784
-0.999879 -0.0145288 0.00561784
0.999879 -0.0145289 0.00561781
0.999879 -0.0145289 0.00561781
0.0 0.346072 0.938208
0.0 0.346072 0.938208
-0.707107 0.659521 -0.255014
0.0 0.404506 -0.914535
0.707107 0.659521 -0.255014
1.52124e-007 0.914535 0.404506
BONE = 13
BONE_NAME = HairBone_06
PARENT_ID = 12
LOCALTM 
MAT 0.995201 0.0 -0.0978553 0.0
MAT 0.0 1.0 0.0 0.0
MAT 0.0978553 0.0 0.995201 0.0
MAT 13.6535 -3.18527e-006 0.0 1.0
WORLDTM 
MAT -1.77883e-007 -0.932703 0.360645 0.0
MAT -1.0 0.0 0.0 0.0
MAT 0.0 -0.360645 -0.932703 0.0
MAT 1.17764e-005 99.1578 42.3559 1.0
VERTEX = 9
-0.249989 85.3192 47.9815
-0.249989 85.1273 47.5198
0.250011 85.1273 47.5198
0.250011 85.3192 47.9815
-0.0249878 71.3947 53.5247
-0.0249878 71.3755 53.4785
0.0250122 71.3755 53.4785
0.0250122 71.3947 53.5247
1.10355e-005 85.4541 47.6547
INDEX = 14
4 5 7
6 7 5
1 2 5
6 5 2
0 1 4
5 4 1
7 6 3
2 3 6
4 7 0
3 0 7
8 1 0
8 2 1
8 3 2
8 0 3
FACE-NORMAL = 14
0.0 -0.923431 0.383765
0.0 -0.923431 0.383765
0.0 -0.397585 -0.917565
0.0 -0.397585 -0.917565
-0.999887 -0.0138635 0.00576144
-0.999887 -0.0138635 0.00576144
0.999887 -0.013863 0.00576129
0.999887 -0.013863 0.00576129
0.0 0.369859 0.929088
0.0 0.369859 0.929088
-0.707107 0.652964 -0.271363
0.0 0.381601 -0.924327
0.707107 0.652964 -0.271363
0.0 0.924327 0.381601
BONE = 14
BONE_NAME = HairBone_07
PARENT_ID = 13
LOCALTM 
MAT 0.99969 -2.51405e-007 -0.0249086 0.0
MAT 3.06412e-007 1.0 0.0 0.0
MAT 0.0249086 0.0 0.99969 0.0
MAT 14.6925 -1.87261e-006 0.0 1.0
WORLDTM 
MAT 0.0 -0.923431 0.383765 0.0
MAT -1.0 -2.45869e-007 0.0 0.0
MAT 0.0 -0.383765 -0.923431 0.0
MAT 1.10355e-005 85.4541 47.6547 1.0
VERTEX = 9
-0.249991 71.4844 53.8409
-0.249991 71.0458 53.6009
0.25001 71.0458 53.6009
0.25001 71.4844 53.8409
-0.0249902 69.487 57.0226
-0.0249902 69.4431 56.9986
0.0250099 69.4431 56.9986
0.0250099 69.487 57.0226
9.499e-006 71.3851 53.5016
INDEX = 14
4 5 7
6 7 5
1 2 5
6 5 2
0 1 4
5 4 1
7 6 3
2 3 6
4 7 0
3 0 7
8 1 0
8 2 1
8 3 2
8 0 3
FACE-NORMAL = 14
0.0 -0.480013 0.877262
0.0 -0.480013 0.877262
0.0 -0.904436 -0.42661
0.0 -0.904436 -0.42661
-0.998205 -0.0287493 0.0525413
-0.998205 -0.0287493 0.0525413
0.998205 -0.0287488 0.052541
0.998205 -0.0287488 0.052541
0.0 0.846938 0.531692
0.0 0.846938 0.531692
-0.707107 0.33942 -0.620317
0.0 -0.280897 -0.959738
0.707107 0.33942 -0.620318
0.0 0.959738 -0.280897
BONE = 15
BONE_NAME = HairBone_08
PARENT_ID = 14
LOCALTM 
MAT 0.779921 0.0 -0.625878 0.0
MAT 0.0 1.0 0.0 0.0
MAT 0.625878 0.0 0.779921 0.0
MAT 15.2356 2.67161e-006 1.52588e-005 1.0
WORLDTM 
MAT 0.0 -0.480013 0.877262 0.0
MAT -1.0 -2.30968e-007 1.37836e-007 0.0
MAT 0.0 -0.877262 -0.480013 0.0
MAT 9.499e-006 71.3851 53.5016 1.0
VERTEX = 9
5.83384 149.943 4.00052
5.78052 149.887 4.49455
5.82882 149.392 4.44404
5.88213 149.448 3.95001
14.975 150.477 5.27486
14.9697 150.472 5.32426
14.9745 150.422 5.31921
14.9798 150.428 5.26981
5.58393 149.646 4.1932
INDEX = 14
4 5 7
6 7 5
1 2 5
6 5 2
0 1 4
5 4 1
7 6 3
2 3 6
4 7 0
3 0 7
8 1 0
8 2 1
8 3 2
8 0 3
FACE-NORMAL = 14
0.989597 0.0846606 0.116321
0.989597 0.0846606 0.116321
-0.0825051 -0.109104 0.9906
-0.082505 -0.109104 0.9906
-0.0724645 0.991953 0.103815
-0.0724645 0.991953 0.103815
0.120647 -0.987831 -0.0981519
0.120647 -0.987831 -0.0981519
0.130688 0.113226 -0.984937
0.130688 0.113226 -0.984937
-0.768046 0.640303 -0.0108243
-0.775148 -0.138493 0.616413
-0.631455 -0.760031 -0.153679
-0.624353 0.0187645 -0.780917
BONE = 16
BONE_NAME = Bip01-L-Clavicle
PARENT_ID = 6
LOCALTM 
MAT 0.0970535 0.989597 -0.106203 0.0
MAT 0.995279 -0.0965843 0.00956511 0.0
MAT -0.000791922 -0.10663 -0.994298 0.0
MAT -5.0787 5.58393 -0.751985 1.0
WORLDTM 
MAT 0.989597 0.0846606 0.116322 0.0
MAT -0.0965845 0.990186 0.101014 0.0
MAT -0.106628 -0.111198 0.988061 0.0
MAT 5.58393 149.646 4.1932 1.0
VERTEX = 9
15.3326 150.529 5.06642
15.2961 150.564 5.56386
15.0514 150.128 5.57653
15.0879 150.093 5.07908
36.2843 138.584 7.66667
36.2807 138.588 7.71642
36.2562 138.544 7.71768
36.2598 138.541 7.66794
14.9747 150.45 5.29704
INDEX = 14
4 5 7
6 7 5
1 2 5
6 5 2
0 1 4
5 4 1
7 6 3
2 3 6
4 7 0
3 0 7
8 1 0
8 2 1
8 3 2
8 0 3
FACE-NORMAL = 14
0.869024 -0.485019 0.0977406
0.869024 -0.485019 0.0977406
-0.064851 0.0653428 0.995753
-0.064851 0.0653428 0.995753
0.497407 0.867173 -0.0244239
0.497407 0.867173 -0.0244239
-0.481285 -0.876171 0.0262372
-0.481285 -0.876171 0.0262372
0.0809732 -0.0743409 -0.99394
0.0809732 -0.0743409 -0.99394
-0.268458 0.959352 -0.0870252
-0.666052 0.392348 0.63438
-0.960528 -0.273432 -0.0512009
-0.562934 0.293572 -0.772606
BONE = 17
BONE_NAME = Bip01-L-UpperArm
PARENT_ID = 16
LOCALTM 
MAT 0.830291 -0.55432 0.0578444 0.0
MAT 0.555129 0.813331 -0.174142 0.0
MAT 0.0494835 0.176699 0.98302 0.0
MAT 9.48953 3.05176e-005 -9.53674e-007 1.0
WORLDTM 
MAT 0.869025 -0.485019 0.0977407 0.0
MAT 0.489367 0.87171 -0.0253316 0.0
MAT -0.0729152 0.0698449 0.99489 0.0
MAT 14.9747 150.45 5.29704 1.0
VERTEX = 9
36.5384 138.691 7.37681
36.6643 138.635 7.85737
36.4196 138.199 7.87003
36.2937 138.256 7.38948
58.7357 125.765 0.269984
58.7483 125.76 0.318039
58.7239 125.716 0.319306
58.7113 125.722 0.27125
36.2703 138.564 7.69218
INDEX = 14
4 5 7
6 7 5
1 2 5
6 5 2
0 1 4
5 4 1
7 6 3
2 3 6
4 7 0
3 0 7
8 1 0
8 2 1
8 3 2
8 0 3
FACE-NORMAL = 14
0.834935 -0.476714 -0.275004
0.834935 -0.476714 -0.275004
0.25884 -0.117448 0.958753
0.25884 -0.117448 0.958753
0.496399 0.867654 -0.0276525
0.496399 0.867654 -0.0276525
-0.482301 -0.875703 0.0230091
-0.482301 -0.875703 0.0230091
-0.244742 0.109399 -0.963397
-0.244742 0.109399 -0.963397
-0.244354 0.95348 0.176545
-0.412339 0.256882 0.874064
-0.936423 -0.279304 0.212369
-0.768438 0.417293 -0.48515
BONE = 18
BONE_NAME = Bip01-L-Forearm
PARENT_ID = 17
LOCALTM 
MAT 0.929915 -1.49012e-007 -0.367774 0.0
MAT 1.49012e-007 1.0 0.0 0.0
MAT 0.367774 1.78814e-007 0.929915 0.0
MAT 24.5051 0.0 -9.53674e-007 1.0
WORLDTM 
MAT 0.834936 -0.476714 -0.275004 0.0
MAT 0.489367 0.87171 -0.0253317 0.0
MAT 0.2518 -0.113427 0.961109 0.0
MAT 36.2703 138.564 7.69218 1.0
VERTEX = 9
59.0968 125.746 0.524327
58.7899 125.354 0.479228
58.756 125.437 -0.0126493
59.0629 125.829 0.0324498
64.7666 121.182 -0.866455
64.7359 121.142 -0.870965
64.7326 121.151 -0.920152
64.7632 121.19 -0.915642
58.7298 125.741 0.294643
INDEX = 14
4 5 7
6 7 5
1 2 5
6 5 2
0 1 4
5 4 1
7 6 3
2 3 6
4 7 0
3 0 7
8 1 0
8 2 1
8 3 2
8 0 3
FACE-NORMAL = 14
0.786545 -0.597708 -0.155216
0.786545 -0.597708 -0.155216
-0.589621 -0.802089 -0.0948716
-0.589621 -0.802089 -0.0948716
0.0916846 -0.184296 0.978585
0.0916846 -0.184296 0.978585
-0.0438989 0.147983 -0.988015
-0.0438988 0.147983 -0.988015
0.637407 0.765776 0.0854416
0.637407 0.765776 0.0854415
-0.508213 0.305111 0.805374
-0.990191 -0.131936 0.0459747
-0.60413 0.540176 -0.585865
-0.122151 0.977223 0.173534
BONE = 19
BONE_NAME = Bip01-L-Hand
PARENT_ID = 18
LOCALTM 
MAT 0.984335 -0.132187 0.116669 0.0
MAT -0.134671 -0.136622 0.981427 0.0
MAT -0.113792 -0.981765 -0.152284 0.0
MAT 26.8997 -3.05176e-005 -5.72205e-006 1.0
WORLDTM 
MAT 0.786545 -0.597708 -0.155216 0.0
MAT 0.0678231 -0.166216 0.983754 0.0
MAT -0.613797 -0.784295 -0.0901982 0.0
MAT 58.7298 125.741 0.294643 1.0
VERTEX = 9
61.5508 121.024 -5.39599
61.7128 120.667 -5.08534
61.2471 120.49 -5.04666
61.0851 120.846 -5.35731
62.6566 116.257 -11.0847
62.6728 116.221 -11.0537
62.6262 116.204 -11.0498
62.61 116.239 -11.0809
61.3575 120.908 -5.02639
INDEX = 14
4 5 7
6 7 5
1 2 5
6 5 2
0 1 4
5 4 1
7 6 3
2 3 6
4 7 0
3 0 7
8 1 0
8 2 1
8 3 2
8 0 3
FACE-NORMAL = 14
0.165722 -0.603768 -0.779744
0.165722 -0.603768 -0.779744
0.328779 -0.731259 0.597632
0.328779 -0.731259 0.597632
0.935997 0.337292 -0.100711
0.935997 0.337292 -0.100711
-0.926055 -0.373515 0.0539302
-0.926055 -0.373515 0.0539302
-0.318837 0.695036 -0.644413
-0.318837 0.695036 -0.644413
0.541448 0.67835 0.496663
0.111887 -0.0775699 0.990689
-0.775814 0.175507 0.60606
-0.346253 0.931427 0.112035
BONE = 20
BONE_NAME = Bip01-L-Finger0
PARENT_ID = 19
LOCALTM 
MAT 0.612254 -0.65548 0.442144 0.0
MAT 0.532107 -0.0720257 -0.843608 0.0
MAT 0.584814 0.75177 0.304687 0.0
MAT 5.78145 -4.25305 2.65749 1.0
WORLDTM 
MAT 0.165722 -0.603768 -0.779744 0.0
MAT 0.931445 0.355564 -0.0773553 0.0
MAT 0.323954 -0.713469 0.621302 0.0
MAT 61.3575 120.908 -5.02639 1.0
VERTEX = 9
62.868 116.26 -11.4351
63.0028 115.994 -11.0337
62.5371 115.816 -10.995
62.4022 116.082 -11.3964
63.6352 113.178 -13.4542
63.6487 113.151 -13.4141
63.6021 113.134 -13.4102
63.5886 113.16 -13.4503
62.6414 116.23 -11.0673
INDEX = 14
4 5 7
6 7 5
1 2 5
6 5 2
0 1 4
5 4 1
7 6 3
2 3 6
4 7 0
3 0 7
8 1 0
8 2 1
8 3 2
8 0 3
FACE-NORMAL = 14
0.244304 -0.768611 -0.59123
0.244304 -0.768611 -0.59123
0.283824 -0.57688 0.765933
0.283824 -0.57688 0.765933
0.944405 0.308892 -0.112626
0.944405 0.308892 -0.112626
-0.915141 -0.40096 0.041806
-0.915141 -0.40096 0.041806
-0.25456 0.484812 -0.836754
-0.25456 0.484812 -0.836754
0.485882 0.794912 0.363365
0.0179411 0.16745 0.985717
-0.83138 0.292068 0.472761
-0.363439 0.919529 -0.149591
BONE = 21
BONE_NAME = Bip01-L-Finger01
PARENT_ID = 20
LOCALTM 
MAT 0.965557 2.08616e-007 0.26019 0.0
MAT -4.02331e-007 1.0 0.0 0.0
MAT -0.26019 0.0 0.965557 0.0
MAT 7.74727 0.0 1.52588e-005 1.0
WORLDTM 
MAT 0.244304 -0.768611 -0.591231 0.0
MAT 0.931446 0.355564 -0.0773551 0.0
MAT 0.269676 -0.5318 0.802785 0.0
MAT 62.6414 116.23 -11.0673 1.0
VERTEX = 9
68.3797 116.489 -4.21572
67.9465 116.244 -4.26551
67.9465 116.343 -4.75548
68.3797 116.588 -4.7057
70.9279 111.761 -5.40627
70.8846 111.737 -5.41125
70.8846 111.747 -5.46025
70.9279 111.771 -5.45527
68.0382 116.628 -4.44246
INDEX = 14
4 5 7
6 7 5
1 2 5
6 5 2
0 1 4
5 4 1
7 6 3
2 3 6
4 7 0
3 0 7
8 1 0
8 2 1
8 3 2
8 0 3
FACE-NORMAL = 14
0.4995 -0.848954 -0.172561
0.4995 -0.848954 -0.172561
-0.84514 -0.523819 -0.106545
-0.84514 -0.523819 -0.106545
0.0203869 -0.23381 0.972069
0.0203869 -0.23381 0.972069
0.0205085 0.164304 -0.986197
0.0205085 0.164304 -0.986197
0.886036 0.454313 0.0924165
0.886036 0.454313 0.0924165
-0.353243 0.459428 0.814951
-0.965776 0.254189 0.0516165
-0.353157 0.741174 -0.570913
0.259376 0.946413 0.192421
BONE = 22
BONE_NAME = Bip01-L-Finger1
PARENT_ID = 19
LOCALTM 
MAT 0.92709 0.0052301 0.374802 0.0
MAT -0.0330749 0.997144 0.0678974 0.0
MAT -0.373377 -0.0753436 0.924615 0.0
MAT 13.5034 -2.51418 1.86064 1.0
WORLDTM 
MAT 0.4995 -0.848954 -0.172561 0.0
MAT -6.08563e-005 -0.199224 0.979954 0.0
MAT -0.866314 -0.489477 -0.099564 0.0
MAT 68.0382 116.628 -4.44246 1.0
VERTEX = 9
71.1852 111.491 -5.23152
70.6891 111.431 -5.24387
70.6891 111.53 -5.73385
71.1853 111.591 -5.72149
71.4261 107.862 -6.19888
71.3764 107.856 -6.20012
71.3764 107.866 -6.24912
71.4261 107.872 -6.24788
70.9062 111.754 -5.43326
INDEX = 14
4 5 7
6 7 5
1 2 5
6 5 2
0 1 4
5 4 1
7 6 3
2 3 6
4 7 0
3 0 7
8 1 0
8 2 1
8 3 2
8 0 3
FACE-NORMAL = 14
0.123757 -0.972422 -0.197685
0.123757 -0.972422 -0.197685
-0.983119 -0.179287 -0.0365098
-0.983119 -0.179287 -0.0365098
0.00735123 -0.257107 0.966355
0.00735124 -0.257107 0.966355
0.00747291 0.140625 -0.990035
0.00747291 0.140625 -0.990035
0.997943 0.0628054 0.0128302
0.997943 0.0628054 0.0128302
-0.0875522 0.546734 0.832716
-0.78918 0.60186 0.122309
-0.087466 0.828479 -0.553148
0.614162 0.773353 0.15726
BONE = 23
BONE_NAME = Bip01-L-Finger11
PARENT_ID = 22
LOCALTM 
MAT 0.921471 1.78814e-007 0.388448 0.0
MAT -2.38419e-007 1.0 0.0 0.0
MAT -0.388448 0.0 0.921471 0.0
MAT 5.74174 0.0 0.0 1.0
WORLDTM 
MAT 0.123757 -0.972422 -0.197685 0.0
MAT -6.09457e-005 -0.199224 0.979954 0.0
MAT -0.992313 -0.121264 -0.0247144 0.0
MAT 70.9062 111.754 -5.43326 1.0
VERTEX = 9
67.9501 115.693 1.71715
67.5143 115.472 1.60994
67.6172 115.506 1.12183
68.053 115.727 1.22904
70.0469 111.089 1.60866
70.0033 111.067 1.59794
70.0136 111.071 1.54912
70.0572 111.093 1.55985
67.6724 115.823 1.4116
INDEX = 14
4 5 7
6 7 5
1 2 5
6 5 2
0 1 4
5 4 1
7 6 3
2 3 6
4 7 0
3 0 7
8 1 0
8 2 1
8 3 2
8 0 3
FACE-NORMAL = 14
0.444923 -0.895012 0.0315675
0.444923 -0.895012 0.0315675
-0.850925 -0.480249 -0.212809
-0.850925 -0.480249 -0.212809
-0.185821 -0.107663 0.976667
-0.185821 -0.107663 0.976667
0.225432 0.0279808 -0.973857
0.225432 0.0279808 -0.973857
0.890536 0.400566 0.215619
0.890536 0.400566 0.215619
-0.460153 0.584864 0.667977
-0.930919 0.321145 -0.173944
-0.169064 0.680874 -0.71262
0.301702 0.944594 0.129301
BONE = 24
BONE_NAME = Bip01-L-Finger2
PARENT_ID = 19
LOCALTM 
MAT 0.880008 0.209996 0.426013 0.0
MAT -0.272844 0.957694 0.0915294 0.0
MAT -0.388769 -0.196782 0.900075 0.0
MAT 12.7882 3.35379 2.18861 1.0
WORLDTM 
MAT 0.444923 -0.895012 0.0315675 0.0
MAT -0.205831 -0.0678894 0.97623 0.0
MAT -0.871595 -0.440845 -0.214427 0.0
MAT 67.6724 115.823 1.4116 1.0
VERTEX = 9
70.2514 110.842 1.86504
69.7658 110.788 1.75891
69.8687 110.822 1.2708
70.3543 110.876 1.37693
70.5257 107.113 1.43311
70.4772 107.108 1.4225
70.4875 107.111 1.37369
70.536 107.117 1.3843
70.0303 111.08 1.57889
INDEX = 14
4 5 7
6 7 5
1 2 5
6 5 2
0 1 4
5 4 1
7 6 3
2 3 6
4 7 0
3 0 7
8 1 0
8 2 1
8 3 2
8 0 3
FACE-NORMAL = 14
0.119081 -0.991915 -0.0438728
0.119081 -0.991915 -0.0438728
-0.962439 -0.166436 -0.214498
-0.962439 -0.166436 -0.214498
-0.19833 -0.127176 0.97185
-0.19833 -0.127176 0.97185
0.212594 0.00835979 -0.977105
0.212594 0.00835982 -0.977105
0.976703 0.04762 0.209243
0.976703 0.04762 0.209243
-0.229748 0.653384 0.721321
-0.771027 0.625573 -0.119062
0.0613417 0.749395 -0.659276
0.60262 0.777206 0.181107
BONE = 25
BONE_NAME = Bip01-L-Finger21
PARENT_ID = 24
LOCALTM 
MAT 0.939373 0.0 0.342897 0.0
MAT 0.0 1.0 7.97212e-007 0.0
MAT -0.342897 -9.49483e-007 0.939373 0.0
MAT 5.29949 -3.8147e-006 0.0 1.0
WORLDTM 
MAT 0.119081 -0.991915 -0.0438728 0.0
MAT -0.205832 -0.0678897 0.97623 0.0
MAT -0.971315 -0.107221 -0.212252 0.0
MAT 70.0303 111.08 1.57889 1.0
VERTEX = 9
59.0968 125.746 0.52433
58.7899 125.354 0.479232
58.756 125.437 -0.0126453
59.0629 125.829 0.0324533
114.953 83.0439 -10.7703
114.923 83.0047 -10.7748
114.919 83.013 -10.824
114.95 83.0522 -10.8195
58.7298 125.741 0.294647
INDEX = 14
4 5 7
6 7 5
1 2 5
6 5 2
0 1 4
5 4 1
7 6 3
2 3 6
4 7 0
3 0 7
8 1 0
8 2 1
8 3 2
8 0 3
FACE-NORMAL = 14
0.786545 -0.597708 -0.155216
0.786545 -0.597708 -0.155216
-0.611309 -0.786179 -0.090687
-0.611309 -0.786179 -0.090687
0.0703086 -0.168103 0.983259
0.0703086 -0.168103 0.983259
-0.0653381 0.164326 -0.98424
-0.0653381 0.164326 -0.98424
0.616279 0.782402 0.0897062
0.616279 0.782402 0.0897062
-0.508213 0.305111 0.805374
-0.990191 -0.131936 0.0459754
-0.60413 0.540175 -0.585865
-0.122151 0.977223 0.173533
BONE = 26
BONE_NAME = Handle
PARENT_ID = 19
LOCALTM 
MAT 1.0 1.71363e-007 1.78814e-007 0.0
MAT -1.63913e-007 1.0 -1.2368e-006 0.0
MAT -1.49012e-007 1.14739e-006 1.0 0.0
MAT 3.8147e-006 5.72205e-006 1.52588e-005 1.0
WORLDTM 
MAT 0.786545 -0.597708 -0.155216 0.0
MAT 0.0678237 -0.166215 0.983754 0.0
MAT -0.613797 -0.784294 -0.0901971 0.0
MAT 58.7298 125.741 0.294647 1.0
VERTEX = 9
68.2228 131.57 -70.111
67.9159 131.178 -70.1561
67.882 131.261 -70.6479
68.1889 131.653 -70.6029
123.517 89.2951 -81.2947
123.487 89.2559 -81.2992
123.483 89.2642 -81.3484
123.514 89.3034 -81.3438
67.8558 131.565 -70.3407
INDEX = 14
4 5 7
6 7 5
1 2 5
6 5 2
0 1 4
5 4 1
7 6 3
2 3 6
4 7 0
3 0 7
8 1 0
8 2 1
8 3 2
8 0 3
FACE-NORMAL = 14
0.786545 -0.597708 -0.155216
0.786545 -0.597708 -0.155216
-0.611284 -0.786198 -0.090692
-0.611284 -0.786198 -0.090692
0.0703337 -0.168122 0.983254
0.0703337 -0.168122 0.983254
-0.0653129 0.164307 -0.984245
-0.0653129 0.164307 -0.984245
0.616304 0.782383 0.0897012
0.616304 0.782383 0.0897012
-0.508213 0.305111 0.805374
-0.990191 -0.131937 0.0459754
-0.60413 0.540175 -0.585865
-0.122151 0.977223 0.173533
BONE = 27
BONE_NAME = Handle02
PARENT_ID = 26
LOCALTM 
MAT 1.0 0.0 0.0 0.0
MAT 0.0 1.0 0.0 0.0
MAT 0.0 0.0 1.0 0.0
MAT 14.6607 -69.8369 -3.79822 1.0
WORLDTM 
MAT 0.786545 -0.597708 -0.155216 0.0
MAT 0.0678237 -0.166215 0.983754 0.0
MAT -0.613797 -0.784294 -0.0901971 0.0
MAT 67.8558 131.565 -70.3407 1.0
VERTEX = 9
79.9436 126.097 -139.58
80.0062 126.137 -140.074
79.5701 126.378 -140.11
79.5075 126.339 -139.615
81.5485 129.492 -139.33
81.5548 129.496 -139.38
81.5112 129.52 -139.383
81.5049 129.516 -139.334
79.6387 126.02 -139.877
INDEX = 14
4 5 7
6 7 5
1 2 5
6 5 2
0 1 4
5 4 1
7 6 3
2 3 6
4 7 0
3 0 7
8 1 0
8 2 1
8 3 2
8 0 3
FACE-NORMAL = 14
0.472801 0.871507 0.130131
0.472801 0.871507 0.130131
0.153375 0.131748 -0.979346
0.153375 0.131748 -0.979346
0.898969 -0.430798 0.0791713
0.898969 -0.430798 0.0791713
-0.842335 0.535191 -0.0635837
-0.842335 0.535191 -0.0635837
-0.0967412 -0.0273545 0.994934
-0.0967412 -0.0273545 0.994934
0.28243 -0.958392 -0.041454
-0.245732 -0.559896 -0.791285
-0.951072 -0.274106 -0.142579
-0.422909 -0.672601 0.607252
BONE = 28
BONE_NAME = HeadDummy
PARENT_ID = 27
LOCALTM 
MAT -0.169226 0.0152259 -0.98546 0.0
MAT 0.964149 0.209927 -0.162323 0.0
MAT 0.204403 -0.977599 -0.050205 0.0
MAT 23.3753 -66.6861 3.38872 1.0
WORLDTM 
MAT 0.472801 0.871508 0.130131 0.0
MAT 0.872218 -0.483863 0.0715059 0.0
MAT 0.125283 0.0796942 -0.988915 0.0
MAT 79.6387 126.02 -139.877 1.0
VERTEX = 9
15.3506 150.572 5.12039
15.2657 150.519 5.61022
15.0334 150.085 5.52257
15.1183 150.138 5.03274
18.4667 148.534 5.6679
18.4582 148.529 5.71688
18.435 148.485 5.70811
18.4435 148.491 5.65913
14.9747 150.45 5.29704
INDEX = 14
4 5 7
6 7 5
1 2 5
6 5 2
0 1 4
5 4 1
7 6 3
2 3 6
4 7 0
3 0 7
8 1 0
8 2 1
8 3 2
8 0 3
FACE-NORMAL = 14
0.869024 -0.48502 0.0977402
0.869024 -0.48502 0.0977402
-0.117505 -0.135779 0.983746
-0.117505 -0.135779 0.983746
0.515913 0.837335 0.180842
0.515913 0.837335 0.180842
-0.411817 -0.895433 -0.169134
-0.411817 -0.895433 -0.169134
0.221601 0.0776814 -0.972038
0.221601 0.0776814 -0.972038
-0.285901 0.956688 0.0548448
-0.734601 0.267355 0.623605
-0.943085 -0.270767 -0.19307
-0.494385 0.418566 -0.761831
BONE = 29
BONE_NAME = twistBone_L
PARENT_ID = 17
LOCALTM 
MAT 1.0 -6.55651e-007 -4.09782e-007 0.0
MAT 8.64267e-007 0.979562 0.201144 0.0
MAT 3.01749e-007 -0.201144 0.979561 0.0
MAT 0.0 0.0 9.53674e-006 1.0
WORLDTM 
MAT 0.869024 -0.48502 0.0977402 0.0
MAT 0.4647 0.867942 0.175302 0.0
MAT -0.169858 -0.106922 0.979651 0.0
MAT 14.9747 150.45 5.29704 1.0
VERTEX = 9
14.2381 153.354 7.0532
13.8191 153.625 7.08139
13.8373 153.601 7.58049
14.2563 153.33 7.55231
16.0987 156.61 7.36588
16.0568 156.637 7.36869
16.0586 156.635 7.4186
16.1005 156.608 7.41579
13.9016 153.268 7.31182
INDEX = 14
4 5 7
6 7 5
1 2 5
6 5 2
0 1 4
5 4 1
7 6 3
2 3 6
4 7 0
3 0 7
8 1 0
8 2 1
8 3 2
8 0 3
FACE-NORMAL = 14
0.544252 0.838681 0.0201042
0.544252 0.838681 0.0201042
-0.804032 0.591802 0.0574732
-0.804032 0.591802 0.0574732
-0.00370726 0.097675 -0.995211
-0.00370725 0.097675 -0.995211
0.0689003 0.00278611 0.99762
0.0689003 0.00278609 0.99762
0.869225 -0.491341 -0.0550651
0.869225 -0.491341 -0.0550651
-0.410561 -0.559428 -0.720055
-0.977494 -0.209399 0.025644
-0.359128 -0.626645 0.691623
0.207805 -0.976674 -0.0540757
BONE = 30
BONE_NAME = shoulderG_L
PARENT_ID = 17
LOCALTM 
MAT 0.0681574 0.996916 0.0388948 0.0
MAT -0.152224 0.0489205 -0.987134 0.0
MAT -0.985993 0.0613599 0.155089 0.0
MAT -2.10248 1.88043 2.27957 1.0
WORLDTM 
MAT 0.544252 0.838681 0.0201042 0.0
MAT -0.0363691 0.0475298 -0.998207 0.0
MAT -0.838133 0.542546 0.0563704 0.0
MAT 13.9016 153.268 7.31182 1.0
VERTEX = 9
-5.88215 149.448 3.95
-5.82883 149.392 4.44403
-5.78054 149.887 4.49453
-5.83385 149.943 4.0005
-14.9798 150.428 5.26978
-14.9745 150.422 5.31918
-14.9697 150.472 5.32423
-14.975 150.477 5.27483
-5.58394 149.646 4.19319
INDEX = 14
4 5 7
6 7 5
1 2 5
6 5 2
0 1 4
5 4 1
7 6 3
2 3 6
4 7 0
3 0 7
8 1 0
8 2 1
8 3 2
8 0 3
FACE-NORMAL = 14
-0.989597 0.0846607 0.11632
-0.989597 0.0846607 0.11632
0.0825031 -0.109104 0.990601
0.0825031 -0.109104 0.990601
-0.120647 -0.987831 -0.098152
-0.120647 -0.987831 -0.098152
0.0724645 0.991953 0.103816
0.0724646 0.991953 0.103816
-0.130686 0.113226 -0.984937
-0.130686 0.113226 -0.984937
0.631455 -0.760031 -0.153678
0.775147 -0.138493 0.616415
0.768046 0.640303 -0.0108229
0.624355 0.0187643 -0.780915
BONE = 31
BONE_NAME = Bip01-R-Clavicle
PARENT_ID = 6
LOCALTM 
MAT 0.0970539 -0.989597 -0.106198 0.0
MAT -0.995279 -0.0965848 -0.00956474 0.0
MAT -0.00079184 0.106625 -0.994299 0.0
MAT -5.0787 -5.58394 -0.751955 1.0
WORLDTM 
MAT -0.989597 0.0846607 0.11632 0.0
MAT -0.0965846 -0.990186 -0.101014 0.0
MAT 0.106626 -0.111198 0.988062 0.0
MAT -5.58394 149.646 4.19319 1.0
VERTEX = 9
-15.0879 150.093 5.07905
-15.0514 150.128 5.5765
-15.2961 150.564 5.56383
-15.3326 150.529 5.06638
-36.2598 138.541 7.66784
-36.2562 138.544 7.71759
-36.2807 138.588 7.71632
-36.2843 138.584 7.66658
-14.9748 150.45 5.29701
INDEX = 14
4 5 7
6 7 5
1 2 5
6 5 2
0 1 4
5 4 1
7 6 3
2 3 6
4 7 0
3 0 7
8 1 0
8 2 1
8 3 2
8 0 3
FACE-NORMAL = 14
-0.869025 -0.485019 0.0977381
-0.869025 -0.485019 0.0977381
0.064848 0.0653428 0.995754
0.064848 0.0653428 0.995754
0.481285 -0.876171 0.0262386
0.481285 -0.876171 0.0262386
-0.497407 0.867173 -0.0244253
-0.497407 0.867173 -0.0244254
-0.0809702 -0.0743409 -0.99394
-0.0809702 -0.0743409 -0.99394
0.960528 -0.273432 -0.0511981
0.66605 0.392348 0.634382
0.268458 0.959352 -0.0870244
0.562936 0.293573 -0.772605
BONE = 32
BONE_NAME = Bip01-R-UpperArm
PARENT_ID = 31
LOCALTM 
MAT 0.830291 0.55432 0.0578435 0.0
MAT -0.555129 0.81333 0.174142 0.0
MAT 0.0494846 -0.176699 0.98302 0.0
MAT 9.48953 -3.05176e-005 -9.53674e-007 1.0
WORLDTM 
MAT -0.869025 -0.485019 0.0977381 0.0
MAT 0.489367 -0.87171 0.0253331 0.0
MAT 0.0729122 0.0698449 0.99489 0.0
MAT -14.9748 150.45 5.29701 1.0
VERTEX = 9
-36.2937 138.256 7.38939
-36.4196 138.199 7.86994
-36.6643 138.635 7.85728
-36.5384 138.691 7.37672
-58.7112 125.722 0.271091
-58.7238 125.716 0.319146
-58.7483 125.76 0.31788
-58.7357 125.765 0.269824
-36.2702 138.564 7.69208
INDEX = 14
4 5 7
6 7 5
1 2 5
6 5 2
0 1 4
5 4 1
7 6 3
2 3 6
4 7 0
3 0 7
8 1 0
8 2 1
8 3 2
8 0 3
FACE-NORMAL = 14
-0.834935 -0.476713 -0.275006
-0.834935 -0.476713 -0.275006
-0.258843 -0.117448 0.958753
-0.258843 -0.117448 0.958753
0.4823 -0.875704 0.0230103
0.4823 -0.875704 0.0230103
-0.496398 0.867654 -0.0276538
-0.496398 0.867654 -0.0276538
0.244745 0.109399 -0.963396
0.244745 0.109399 -0.963396
0.936422 -0.279305 0.212372
0.412337 0.256882 0.874065
0.244353 0.953479 0.176546
0.768439 0.417293 -0.485147
BONE = 33
BONE_NAME = Bip01-R-Forearm
PARENT_ID = 32
LOCALTM 
MAT 0.929915 -4.47035e-007 -0.367774 0.0
MAT 4.17233e-007 1.0 -1.75089e-007 0.0
MAT 0.367774 0.0 0.929915 0.0
MAT 24.505 -1.52588e-005 2.86102e-006 1.0
WORLDTM 
MAT -0.834935 -0.476713 -0.275006 0.0
MAT 0.489367 -0.87171 0.0253329 0.0
MAT -0.251802 -0.113428 0.961108 0.0
MAT -36.2702 138.564 7.69208 1.0
VERTEX = 9
-59.0629 125.829 0.0322934
-58.756 125.437 -0.0128046
-58.7899 125.354 0.479072
-59.0968 125.746 0.52417
-64.7632 121.19 -0.915814
-64.7325 121.151 -0.920323
-64.7359 121.143 -0.871136
-64.7666 121.182 -0.866626
-58.7298 125.741 0.294487
INDEX = 14
4 5 7
6 7 5
1 2 5
6 5 2
0 1 4
5 4 1
7 6 3
2 3 6
4 7 0
3 0 7
8 1 0
8 2 1
8 3 2
8 0 3
FACE-NORMAL = 14
-0.786545 -0.597708 -0.155218
-0.786545 -0.597708 -0.155218
0.589621 -0.802089 -0.0948693
0.589621 -0.802089 -0.0948693
0.0439018 0.147982 -0.988015
0.0439018 0.147982 -0.988015
-0.0916876 -0.184296 0.978585
-0.0916876 -0.184296 0.978585
-0.637407 0.765776 0.0854392
-0.637407 0.765776 0.0854392
0.604131 0.540176 -0.585863
0.990191 -0.131937 0.0459778
0.508211 0.305111 0.805375
0.122151 0.977223 0.173534
BONE = 34
BONE_NAME = Bip01-R-Hand
PARENT_ID = 33
LOCALTM 
MAT 0.984334 0.132187 0.116669 0.0
MAT 0.134671 -0.136622 -0.981427 0.0
MAT -0.113792 0.981764 -0.152283 0.0
MAT 26.8997 0.0 -2.86102e-006 1.0
WORLDTM 
MAT -0.786545 -0.597708 -0.155218 0.0
MAT 0.067826 0.166216 -0.983754 0.0
MAT 0.613797 -0.784294 -0.0901959 0.0
MAT -58.7298 125.741 0.294487 1.0
VERTEX = 9
-61.0851 120.846 -5.35748
-61.2471 120.49 -5.04683
-61.7128 120.667 -5.08551
-61.5508 121.024 -5.39616
-62.61 116.239 -11.081
-62.6262 116.204 -11.05
-62.6728 116.221 -11.0539
-62.6566 116.257 -11.0849
-61.3575 120.908 -5.02656
INDEX = 14
4 5 7
6 7 5
1 2 5
6 5 2
0 1 4
5 4 1
7 6 3
2 3 6
4 7 0
3 0 7
8 1 0
8 2 1
8 3 2
8 0 3
FACE-NORMAL = 14
-0.16572 -0.603768 -0.779744
-0.16572 -0.603768 -0.779744
-0.328781 -0.731259 0.597631
-0.328781 -0.731259 0.597631
0.926055 -0.373516 0.0539328
0.926055 -0.373516 0.0539328
-0.935997 0.337293 -0.100713
-0.935997 0.337293 -0.100713
0.318838 0.695036 -0.644412
0.318838 0.695036 -0.644412
0.775813 0.175507 0.606063
-0.111889 -0.0775702 0.990689
-0.541449 0.678351 0.496662
0.346253 0.931427 0.112036
BONE = 35
BONE_NAME = Bip01-R-Finger0
PARENT_ID = 34
LOCALTM 
MAT 0.612254 0.655481 0.442143 0.0
MAT -0.532107 -0.0720253 0.843608 0.0
MAT 0.584814 -0.75177 0.304688 0.0
MAT 5.78146 4.25306 2.65749 1.0
WORLDTM 
MAT -0.16572 -0.603768 -0.779744 0.0
MAT 0.931445 -0.355564 0.0773579 0.0
MAT -0.323955 -0.713469 0.621301 0.0
MAT -61.3575 120.908 -5.02656 1.0
VERTEX = 9
-62.4022 116.082 -11.3966
-62.537 115.816 -10.9952
-63.0027 115.994 -11.0339
-62.8679 116.26 -11.4353
-63.5886 113.16 -13.4505
-63.6021 113.134 -13.4104
-63.6486 113.151 -13.4142
-63.6351 113.178 -13.4544
-62.6414 116.23 -11.0675
INDEX = 14
4 5 7
6 7 5
1 2 5
6 5 2
0 1 4
5 4 1
7 6 3
2 3 6
4 7 0
3 0 7
8 1 0
8 2 1
8 3 2
8 0 3
FACE-NORMAL = 14
-0.244303 -0.76861 -0.591231
-0.244303 -0.76861 -0.591231
-0.283826 -0.57688 0.765932
-0.283826 -0.57688 0.765932
0.915141 -0.40096 0.0418085
0.915141 -0.40096 0.0418085
-0.944405 0.308893 -0.112629
-0.944405 0.308893 -0.112629
0.254563 0.484812 -0.836753
0.254563 0.484812 -0.836753
0.831379 0.292067 0.472764
-0.0179434 0.16745 0.985717
-0.485883 0.794912 0.363363
0.36344 0.919529 -0.14959
BONE = 36
BONE_NAME = Bip01-R-Finger01
PARENT_ID = 35
LOCALTM 
MAT 0.965557 -5.66244e-007 0.26019 0.0
MAT 4.91738e-007 1.0 1.78814e-007 0.0
MAT -0.26019 0.0 0.965557 0.0
MAT 7.74728 0.0 -1.52588e-005 1.0
WORLDTM 
MAT -0.244303 -0.76861 -0.591231 0.0
MAT 0.931445 -0.355565 0.0773576 0.0
MAT -0.269679 -0.531801 0.802784 0.0
MAT -62.6414 116.23 -11.0675 1.0
VERTEX = 9
-68.3797 116.588 -4.70588
-67.9465 116.344 -4.75566
-67.9465 116.244 -4.26569
-68.3796 116.489 -4.21591
-70.9278 111.771 -5.45546
-70.8845 111.747 -5.46044
-70.8845 111.737 -5.41144
-70.9278 111.761 -5.40646
-68.0382 116.628 -4.44264
INDEX = 14
4 5 7
6 7 5
1 2 5
6 5 2
0 1 4
5 4 1
7 6 3
2 3 6
4 7 0
3 0 7
8 1 0
8 2 1
8 3 2
8 0 3
FACE-NORMAL = 14
-0.499499 -0.848954 -0.172562
-0.499499 -0.848954 -0.172562
0.845141 -0.523819 -0.106542
0.845141 -0.523819 -0.106542
-0.0205056 0.164304 -0.986197
-0.0205056 0.164304 -0.986197
-0.0203897 -0.23381 0.972069
-0.0203897 -0.23381 0.972069
-0.886036 0.454313 0.0924139
-0.886036 0.454313 0.0924139
0.353158 0.741174 -0.570912
0.965776 0.254189 0.0516192
0.35324 0.459429 0.814952
-0.259377 0.946413 0.19242
BONE = 37
BONE_NAME = Bip01-R-Finger1
PARENT_ID = 34
LOCALTM 
MAT 0.92709 -0.00522988 0.374803 0.0
MAT 0.0330747 0.997144 -0.0678979 0.0
MAT -0.373377 0.0753439 0.924615 0.0
MAT 13.5034 2.51418 1.86061 1.0
WORLDTM 
MAT -0.499499 -0.848954 -0.172562 0.0
MAT -5.80139e-005 0.199224 -0.979954 0.0
MAT 0.866314 -0.489476 -0.0995613 0.0
MAT -68.0382 116.628 -4.44264 1.0
VERTEX = 9
-71.1852 111.591 -5.72168
-70.6891 111.53 -5.73404
-70.689 111.431 -5.24406
-71.1852 111.491 -5.23171
-71.426 107.872 -6.24807
-71.3764 107.866 -6.24931
-71.3764 107.856 -6.20031
-71.426 107.862 -6.19907
-70.9062 111.754 -5.43345
INDEX = 14
4 5 7
6 7 5
1 2 5
6 5 2
0 1 4
5 4 1
7 6 3
2 3 6
4 7 0
3 0 7
8 1 0
8 2 1
8 3 2
8 0 3
FACE-NORMAL = 14
-0.123756 -0.972422 -0.197685
-0.123756 -0.972422 -0.197685
0.983119 -0.179287 -0.0365073
0.983119 -0.179287 -0.0365073
-0.0074702 0.140625 -0.990035
-0.00747021 0.140625 -0.990035
-0.0073539 -0.257107 0.966355
-0.0073539 -0.257107 0.966355
-0.997943 0.0628056 0.0128276
-0.997943 0.0628056 0.0128276
0.0874677 0.828479 -0.553148
0.78918 0.60186 0.122311
0.0875501 0.546734 0.832717
-0.614162 0.773353 0.157258
BONE = 38
BONE_NAME = Bip01-R-Finger11
PARENT_ID = 37
LOCALTM 
MAT 0.921471 0.0 0.388448 0.0
MAT 1.93715e-007 1.0 -1.78814e-007 0.0
MAT -0.388448 2.12342e-007 0.921471 0.0
MAT 5.74174 1.90735e-006 0.0 1.0
WORLDTM 
MAT -0.123756 -0.972422 -0.197685 0.0
MAT -5.82561e-005 0.199224 -0.979954 0.0
MAT 0.992313 -0.121264 -0.0247118 0.0
MAT -70.9062 111.754 -5.43345 1.0
VERTEX = 9
-68.053 115.727 1.22886
-67.6172 115.506 1.12165
-67.5143 115.472 1.60976
-67.9501 115.693 1.71697
-70.0572 111.093 1.55966
-70.0136 111.071 1.54894
-70.0033 111.067 1.59775
-70.0469 111.089 1.60847
-67.6724 115.823 1.41142
INDEX = 14
4 5 7
6 7 5
1 2 5
6 5 2
0 1 4
5 4 1
7 6 3
2 3 6
4 7 0
3 0 7
8 1 0
8 2 1
8 3 2
8 0 3
FACE-NORMAL = 14
-0.444923 -0.895012 0.0315661
-0.444923 -0.895012 0.0315661
0.850925 -0.480249 -0.212807
0.850925 -0.480249 -0.212807
-0.22543 0.0279813 -0.973857
-0.22543 0.0279813 -0.973857
0.185819 -0.107664 0.976668
0.185819 -0.107664 0.976668
-0.890536 0.400567 0.215617
-0.890536 0.400567 0.215617
0.169066 0.680874 -0.71262
0.930919 0.321145 -0.173942
0.460151 0.584864 0.667978
-0.301702 0.944594 0.129301
BONE = 39
BONE_NAME = Bip01-R-Finger2
PARENT_ID = 34
LOCALTM 
MAT 0.880008 -0.209996 0.426013 0.0
MAT 0.272844 0.957695 -0.0915307 0.0
MAT -0.388769 0.196783 0.900075 0.0
MAT 12.7882 -3.35379 2.18861 1.0
WORLDTM 
MAT -0.444923 -0.895012 0.0315661 0.0
MAT -0.205829 0.0678898 -0.97623 0.0
MAT 0.871595 -0.440845 -0.214425 0.0
MAT -67.6724 115.823 1.41142 1.0
VERTEX = 9
-70.3543 110.876 1.37674
-69.8687 110.822 1.27061
-69.7657 110.788 1.75873
-70.2514 110.842 1.86485
-70.536 107.117 1.38411
-70.4874 107.111 1.37349
-70.4771 107.108 1.42231
-70.5257 107.113 1.43292
-70.0303 111.08 1.5787
INDEX = 14
4 5 7
6 7 5
1 2 5
6 5 2
0 1 4
5 4 1
7 6 3
2 3 6
4 7 0
3 0 7
8 1 0
8 2 1
8 3 2
8 0 3
FACE-NORMAL = 14
-0.119082 -0.991915 -0.0438734
-0.119082 -0.991915 -0.0438734
0.96244 -0.166436 -0.214495
0.96244 -0.166436 -0.214495
-0.212591 0.00835984 -0.977105
-0.212591 0.00835981 -0.977105
0.198327 -0.127176 0.97185
0.198327 -0.127176 0.97185
-0.976704 0.0476201 0.20924
-0.976704 0.0476202 0.20924
-0.0613393 0.749395 -0.659276
0.771027 0.625573 -0.119059
0.229746 0.653384 0.721322
-0.602621 0.777206 0.181106
BONE = 40
BONE_NAME = Bip01-R-Finger21
PARENT_ID = 39
LOCALTM 
MAT 0.939373 1.19209e-007 0.342897 0.0
MAT 0.0 1.0 1.2666e-007 0.0
MAT -0.342897 -1.34576e-007 0.939373 0.0
MAT 5.29949 3.8147e-006 0.0 1.0
WORLDTM 
MAT -0.119082 -0.991915 -0.0438734 0.0
MAT -0.205829 0.0678898 -0.976231 0.0
MAT 0.971316 -0.107221 -0.212249 0.0
MAT -70.0303 111.08 1.5787 1.0
VERTEX = 9
-15.1183 150.138 5.0327
-15.0334 150.085 5.52252
-15.2657 150.519 5.61017
-15.3506 150.572 5.12035
-18.4435 148.491 5.65908
-18.435 148.485 5.70806
-18.4582 148.529 5.71683
-18.4667 148.534 5.66785
-14.9748 150.45 5.297
INDEX = 14
4 5 7
6 7 5
1 2 5
6 5 2
0 1 4
5 4 1
7 6 3
2 3 6
4 7 0
3 0 7
8 1 0
8 2 1
8 3 2
8 0 3
FACE-NORMAL = 14
-0.869024 -0.48502 0.0977384
-0.869024 -0.48502 0.0977384
0.117503 -0.135779 0.983746
0.117503 -0.135779 0.983746
0.411818 -0.895433 -0.169133
0.411818 -0.895433 -0.169133
-0.515913 0.837335 0.180841
-0.515913 0.837335 0.180841
-0.221599 0.0776813 -0.972039
-0.221599 0.0776813 -0.972039
0.943085 -0.270767 -0.193068
0.734599 0.267355 0.623606
0.285901 0.956688 0.0548453
0.494387 0.418566 -0.76183
BONE = 41
BONE_NAME = twistBone_R
PARENT_ID = 32
LOCALTM 
MAT 1.0 6.25849e-007 3.57628e-007 0.0
MAT -3.27826e-007 0.979562 -0.201145 0.0
MAT -4.65661e-007 0.201145 0.979562 0.0
MAT -7.62939e-006 -1.52588e-005 -1.90735e-006 1.0
WORLDTM 
MAT -0.869025 -0.48502 0.0977385 0.0
MAT 0.4647 -0.867942 -0.175302 0.0
MAT 0.169856 -0.106922 0.979651 0.0
MAT -14.9748 150.45 5.297 1.0
VERTEX = 9
10.3691 114.073 1.1579
10.3699 114.067 0.657938
10.8699 114.071 0.658741
10.8691 114.077 1.1587
10.9709 69.3206 1.47052
10.971 69.32 1.42052
11.021 69.3205 1.4206
11.0209 69.3211 1.4706
10.6174 114.322 0.90532
INDEX = 14
4 5 7
6 7 5
1 2 5
6 5 2
0 1 4
5 4 1
7 6 3
2 3 6
4 7 0
3 0 7
8 1 0
8 2 1
8 3 2
8 0 3
FACE-NORMAL = 14
0.00841066 -0.999893 0.0120037
0.00841066 -0.999893 0.0120037
0.0017505 -0.0170161 -0.999854
0.0017505 -0.0170161 -0.999854
-0.999908 -0.0134572 -0.00154684
-0.999908 -0.0134572 -0.00154684
0.999993 0.00340392 0.00166753
0.999993 0.00340392 0.00166753
-0.00166594 0.00696286 0.999974
-0.00166594 0.00696286 0.999974
-0.713028 0.70107 -0.00962438
-0.00473933 0.698553 -0.715543
0.701133 0.712992 -0.00735144
-0.00715514 0.715509 0.698567
BONE = 42
BONE_NAME = Bip01-L-Thigh
PARENT_ID = 2
LOCALTM 
MAT -0.988658 0.00840864 0.14995 0.0
MAT -0.00805786 -0.999963 0.00294795 0.0
MAT 0.14997 0.00170627 0.988689 0.0
MAT -7.62939e-006 10.6174 1.90735e-005 1.0
WORLDTM 
MAT 0.00841066 -0.999893 0.0120037 0.0
MAT -0.999963 -0.00843066 -0.00160721 0.0
MAT 0.00170824 -0.0119897 -0.999927 0.0
MAT 10.6174 114.322 0.90532 1.0
VERTEX = 9
10.7471 69.1224 1.73935
10.7487 69.0243 1.24907
11.2487 69.0285 1.24987
11.2471 69.1266 1.74015
11.3271 25.3955 10.2604
11.3273 25.3856 10.2113
11.3773 25.3861 10.2114
11.3771 25.3959 10.2605
10.9959 69.3206 1.44556
INDEX = 14
4 5 7
6 7 5
1 2 5
6 5 2
0 1 4
5 4 1
7 6 3
2 3 6
4 7 0
3 0 7
8 1 0
8 2 1
8 3 2
8 0 3
FACE-NORMAL = 14
0.00795218 -0.980531 0.196204
0.00795218 -0.980531 0.196204
0.00326618 -0.201133 -0.979558
0.00326618 -0.201133 -0.979558
-0.99991 -0.0133822 -0.000612251
-0.99991 -0.0133822 -0.000612252
0.999991 0.00347846 0.00259399
0.999991 0.00347846 0.00259399
-0.00318586 0.19123 0.98154
-0.00318586 0.19123 0.98154
-0.712704 0.687379 -0.139871
-0.00334188 0.554617 -0.832099
0.701458 0.699301 -0.137603
-0.00790421 0.832063 0.554625
BONE = 43
BONE_NAME = Bip01-L-Calf
PARENT_ID = 42
LOCALTM 
MAT 0.982848 -8.17701e-007 -0.18442 0.0
MAT -1.58325e-007 1.0 -4.06993e-006 0.0
MAT 0.18442 3.97384e-006 0.982848 0.0
MAT 45.0062 9.53674e-007 -7.15256e-007 1.0
WORLDTM 
MAT 0.00795218 -0.980531 0.196204 0.0
MAT -0.999963 -0.00843045 -0.00160314 0.0
MAT 0.00322606 -0.196184 -0.980562 0.0
MAT 10.9959 69.3206 1.44556 1.0
VERTEX = 9
11.0992 25.1416 10.4837
11.1057 25.1394 9.98376
11.6057 25.1399 9.99032
11.5991 25.1421 10.4903
11.3522 -2.1112 10.3837
11.3528 -2.11142 10.3337
11.4028 -2.11137 10.3344
11.4022 -2.11115 10.3844
11.3522 25.3907 10.2359
INDEX = 14
4 5 7
6 7 5
1 2 5
6 5 2
0 1 4
5 4 1
7 6 3
2 3 6
4 7 0
3 0 7
8 1 0
8 2 1
8 3 2
8 0 3
FACE-NORMAL = 14
0.000920683 -0.99999 0.00447812
0.000920683 -0.99999 0.00447812
0.013138 -0.0127213 -0.999833
0.013138 -0.0127213 -0.999833
-0.999872 -0.00923529 -0.0130892
-0.999872 -0.00923529 -0.0130892
0.999887 -0.00727633 0.0131631
0.999887 -0.00727633 0.0131631
-0.0131228 -0.00379031 0.999907
-0.0131228 -0.00379031 0.999907
-0.707697 0.706407 -0.0124484
0.00863388 0.703942 -0.710205
0.706394 0.707792 0.00611538
-0.00993592 0.710257 0.703872
BONE = 44
BONE_NAME = Bip01-L-Foot
PARENT_ID = 43
LOCALTM 
MAT 0.981407 0.00750266 0.191794 0.0
MAT -0.00956643 0.999906 0.00983785 0.0
MAT -0.191702 -0.0114897 0.981386 0.0
MAT 44.8021 7.62939e-006 -9.53674e-007 1.0
WORLDTM 
MAT 0.000920683 -0.99999 0.00447812 0.0
MAT -0.999913 -0.000979513 -0.0131266 0.0
MAT 0.0131308 -0.00446565 -0.999904 0.0
MAT 11.3522 25.3907 10.2359 1.0
VERTEX = 9
11.3207 1.11652 -3.4025
11.3212 1.61651 -3.40554
11.8212 1.61604 -3.40089
11.8207 1.11605 -3.39785
11.5808 1.31853 -7.15154
11.5808 1.36853 -7.15185
11.6308 1.36848 -7.15138
11.6308 1.31849 -7.15108
11.5686 1.3678 -3.15171
INDEX = 14
4 5 7
6 7 5
1 2 5
6 5 2
0 1 4
5 4 1
7 6 3
2 3 6
4 7 0
3 0 7
8 1 0
8 2 1
8 3 2
8 0 3
FACE-NORMAL = 14
0.00929403 -0.00607232 -0.999938
0.00929403 -0.00607232 -0.999938
0.00154766 0.997822 -0.0659411
0.00154766 0.997822 -0.0659412
-0.997605 0.000571052 -0.0691718
-0.997605 0.000571052 -0.0691719
0.998718 -0.00129842 -0.0506054
0.998718 -0.00129842 -0.0506054
-0.000434382 -0.99855 -0.0538361
-0.000434382 -0.99855 -0.0538361
-0.713648 0.00495593 0.700487
-0.00586985 0.711387 0.702776
0.700504 0.00363163 0.713639
-0.00727389 -0.7028 0.711351
BONE = 45
BONE_NAME = Bip01-L-Toe0
PARENT_ID = 44
LOCALTM 
MAT 0.00160297 0.0038385 0.999991 0.0
MAT -0.00189881 0.999991 -0.00383539 0.0
MAT -0.999997 -0.0018925 0.00161032 0.0
MAT 23.9629 -0.0171633 13.4964 1.0
WORLDTM 
MAT 0.00929403 -0.00607232 -0.999938 0.0
MAT -0.999956 0.000936419 -0.00929994 0.0
MAT 0.000992805 0.999981 -0.00606343 0.0
MAT 11.5686 1.3678 -3.15171 1.0
VERTEX = 9
-10.8691 114.077 1.15868
-10.8699 114.071 0.65872
-10.3699 114.067 0.657919
-10.3691 114.073 1.15788
-11.0209 69.321 1.47058
-11.021 69.3204 1.42058
-10.971 69.32 1.4205
-10.9709 69.3206 1.4705
-10.6174 114.322 0.9053
INDEX = 14
4 5 7
6 7 5
1 2 5
6 5 2
0 1 4
5 4 1
7 6 3
2 3 6
4 7 0
3 0 7
8 1 0
8 2 1
8 3 2
8 0 3
FACE-NORMAL = 14
-0.00841072 -0.999893 0.0120037
-0.00841072 -0.999893 0.0120037
-0.00174594 -0.0170162 -0.999854
-0.00174594 -0.0170163 -0.999854
-0.999993 0.00340386 0.00166306
-0.999993 0.00340386 0.00166306
0.999908 -0.0134571 -0.00154237
0.999908 -0.0134571 -0.00154237
0.00166138 0.00696297 0.999974
0.00166138 0.00696298 0.999974
-0.701133 0.712992 -0.00735459
0.0047426 0.698553 -0.715543
0.713028 0.701069 -0.00962121
0.00715196 0.715509 0.698567
BONE = 46
BONE_NAME = Bip01-R-Thigh
PARENT_ID = 2
LOCALTM 
MAT -0.988658 -0.00841274 0.14995 0.0
MAT 0.00806177 -0.999963 -0.00294807 0.0
MAT 0.14997 -0.00170565 0.988689 0.0
MAT 7.62939e-006 -10.6174 -5.72205e-006 1.0
WORLDTM 
MAT -0.00841072 -0.999893 0.0120037 0.0
MAT -0.999963 0.0084306 0.00160274 0.0
MAT -0.00170368 -0.0119898 -0.999927 0.0
MAT -10.6174 114.322 0.9053 1.0
VERTEX = 9
-11.2471 69.1266 1.74013
-11.2487 69.0285 1.24985
-10.7487 69.0243 1.24905
-10.7471 69.1223 1.73933
-11.3771 25.3959 10.2604
-11.3773 25.3861 10.2114
-11.3273 25.3856 10.2113
-11.3271 25.3955 10.2604
-10.9959 69.3205 1.44554
INDEX = 14
4 5 7
6 7 5
1 2 5
6 5 2
0 1 4
5 4 1
7 6 3
2 3 6
4 7 0
3 0 7
8 1 0
8 2 1
8 3 2
8 0 3
FACE-NORMAL = 14
-0.00795272 -0.980531 0.196204
-0.00795272 -0.980531 0.196204
-0.00326432 -0.201133 -0.979558
-0.00326432 -0.201133 -0.979558
-0.999991 0.00347879 0.00259216
-0.999991 0.00347879 0.00259216
0.99991 -0.0133826 -0.000610418
0.99991 -0.0133826 -0.000610417
0.00318399 0.19123 0.98154
0.00318399 0.19123 0.98154
-0.701457 0.699301 -0.137605
0.00334357 0.554617 -0.832099
0.712704 0.687379 -0.139869
0.00790327 0.832063 0.554625
BONE = 47
BONE_NAME = Bip01-R-Calf
PARENT_ID = 46
LOCALTM 
MAT 0.982847 4.55417e-007 -0.18442 0.0
MAT -2.01166e-007 1.0 1.42791e-006 0.0
MAT 0.18442 -1.36578e-006 0.982847 0.0
MAT 45.0061 2.86102e-006 1.19209e-006 1.0
WORLDTM 
MAT -0.00795272 -0.980531 0.196204 0.0
MAT -0.999963 0.00843078 0.00160131 0.0
MAT -0.00322419 -0.196184 -0.980562 0.0
MAT -10.9959 69.3205 1.44554 1.0
VERTEX = 9
-11.5991 25.1421 10.4903
-11.6057 25.1399 9.99031
-11.1058 25.1394 9.98373
-11.0992 25.1416 10.4837
-11.4022 -2.11115 10.3844
-11.4029 -2.11138 10.3344
-11.3529 -2.11143 10.3337
-11.3522 -2.1112 10.3837
-11.3522 25.3907 10.2359
INDEX = 14
4 5 7
6 7 5
1 2 5
6 5 2
0 1 4
5 4 1
7 6 3
2 3 6
4 7 0
3 0 7
8 1 0
8 2 1
8 3 2
8 0 3
FACE-NORMAL = 14
-0.000920668 -0.99999 0.00447807
-0.000920668 -0.99999 0.00447807
-0.0131635 -0.0127212 -0.999832
-0.0131635 -0.0127212 -0.999832
-0.999887 -0.00727623 0.0131886
-0.999887 -0.00727623 0.0131886
0.999871 -0.00923539 -0.0131147
0.999871 -0.00923539 -0.0131147
0.0131483 -0.0037904 0.999906
0.0131483 -0.0037904 0.999906
-0.706394 0.707792 0.00613348
-0.00865191 0.703942 -0.710205
0.707696 0.706407 -0.0124664
0.00995394 0.710257 0.703872
BONE = 48
BONE_NAME = Bip01-R-Foot
PARENT_ID = 47
LOCALTM 
MAT 0.981407 -0.00750284 0.191794 0.0
MAT 0.00957202 0.999906 -0.00986465 0.0
MAT -0.191702 0.0115171 0.981386 0.0
MAT 44.8021 0.0 1.90735e-006 1.0
WORLDTM 
MAT -0.000920668 -0.99999 0.00447807 0.0
MAT -0.999913 0.000979617 0.0131521 0.0
MAT -0.0131563 -0.00446557 -0.999904 0.0
MAT -11.3522 25.3907 10.2359 1.0
VERTEX = 9
-11.8207 1.11604 -3.39788
-11.8212 1.61603 -3.40091
-11.3212 1.6165 -3.40556
-11.3207 1.11651 -3.40253
-11.6308 1.31848 -7.1511
-11.6308 1.36848 -7.15141
-11.5808 1.36852 -7.15187
-11.5808 1.31852 -7.15157
-11.5686 1.36779 -3.15173
INDEX = 14
4 5 7
6 7 5
1 2 5
6 5 2
0 1 4
5 4 1
7 6 3
2 3 6
4 7 0
3 0 7
8 1 0
8 2 1
8 3 2
8 0 3
FACE-NORMAL = 14
-0.00929143 -0.00607241 -0.999938
-0.00929143 -0.00607241 -0.999938
-0.0015474 0.997822 -0.0659412
-0.0015474 0.997822 -0.0659412
-0.998718 -0.00129831 -0.0506079
-0.998718 -0.00129831 -0.0506079
0.997605 0.000570928 -0.0691693
0.997605 0.000570928 -0.0691693
0.000434434 -0.99855 -0.053836
0.000434434 -0.99855 -0.053836
-0.700506 0.00363178 0.713637
0.00586809 0.711387 0.702776
0.713646 0.00495591 0.700489
0.00727198 -0.7028 0.711351
BONE = 49
BONE_NAME = Bip01-R-Toe0
PARENT_ID = 48
LOCALTM 
MAT 0.00160311 -0.00386659 0.999991 0.0
MAT 0.00189867 0.999991 0.00386347 0.0
MAT -0.999997 0.00189234 0.00161051 0.0
MAT 23.963 0.0167875 13.4964 1.0
WORLDTM 
MAT -0.00929143 -0.00607241 -0.999938 0.0
MAT -0.999956 -0.0009363 0.0092974 0.0
MAT -0.0009927 0.999981 -0.00606352 0.0
MAT -11.5686 1.36779 -3.15173 1.0
